5001 5 91 54 347 68 208 83 2 55 17 12 217
5002 5 195 17 361 62 492 26 466 76 447 19 134
5003 5 202 55 293 8 456 6 258 96 458 46 301
5004 5 88 88 452 27 352 8 414 93 359 39 394
5005 5 223 12 172 89 310 38 99 24 228 88 78
5006 5 159 12 261 8 280 41 42 15 346 91 167
5007 5 90 33 303 77 2 46 422 97 419 6 37
5008 5 151 40 56 28 149 28 494 46 364 17 391
5009 5 231 74 478 67 176 38 49 56 151 4 475
5010 5 91 82 178 86 218 34 450 19 311 93 431
5011 5 71 36 478 65 283 88 331 31 108 79 35
5012 5 90 54 174 81 317 94 106 72 77 27 153
5013 5 241 44 494 65 170 96 44 52 488 12 309
5014 5 183 96 427 35 278 66 126 87 496 84 57
5015 5 213 63 402 21 300 72 445 24 180 45 92
5016 5 283 74 50 39 399 95 398 69 43 43 70
5017 5 148 34 208 32 298 82 54 20 471 21 414
5018 5 88 11 468 66 423 97 29 87 426 55 131
5019 5 113 11 338 93 473 28 142 3 53 75 344
5020 5 103 87 31 4 175 41 268 28 27 25 372
5021 5 73 4 373 99 463 55 485 85 122 96 328
5022 5 81 87 340 92 212 79 170 26 317 99 228
5023 5 240 57 474 54 355 20 195 28 235 61 321
5024 5 105 34 192 29 396 66 490 71 183 85 419
5025 5 181 22 343 40 42 57 65 64 448 36 86
5026 5 262 27 16 16 423 42 218 37 309 10 456
5027 5 52 92 231 89 143 44 175 97 352 45 178
5028 5 204 81 224 78 392 92 250 42 77 69 83
5029 5 241 9 206 43 262 91 172 49 312 59 221
5030 5 79 77 472 67 475 95 242 31 457 72 138
5031 5 288 47 480 94 151 20 379 80 298 87 322
5032 5 155 1 94 22 330 51 487 57 312 8 98
5033 5 196 65 482 86 243 27 144 83 47 57 196
5034 5 266 66 203 58 492 28 65 19 70 93 191
5035 5 236 97 483 6 173 60 325 6 494 66 223
5036 5 175 45 423 9 376 31 426 19 200 53 127
5037 5 287 83 34 60 309 96 267 95 227 27 109
5038 5 280 9 143 51 108 36 131 59 428 35 33
5039 5 111 25 66 10 41 72 271 63 10 44 257
5040 5 86 96 416 81 377 40 37 15 229 38 395
5041 5 261 21 434 15 300 77 141 33 201 43 76
5042 5 175 45 238 87 355 47 12 26 139 92 36
5043 5 68 52 162 86 306 70 123 46 29 6 235
5044 5 115 73 288 65 304 37 120 62 121 64 494
5045 5 127 21 131 86 141 51 474 9 416 14 124
5046 5 146 75 288 98 91 77 277 65 133 81 367
5047 5 61 82 424 6 196 38 350 75 249 83 450
5048 5 151 51 357 13 249 50 114 50 34 93 203
5049 5 108 5 308 89 396 48 490 60 156 38 341
5050 5 150 7 473 25 439 2 54 26 262 65 421
5051 5 122 47 361 32 98 51 130 52 44 92 396
5052 5 71 11 420 27 49 17 133 46 234 3 90
5053 5 223 73 278 12 73 23 341 57 78 34 92
5054 5 284 22 7 74 398 60 469 34 488 21 159
5055 5 117 79 185 69 228 66 302 77 287 79 3
5056 5 125 54 406 43 498 59 347 91 433 5 247
5057 5 243 63 141 3 68 14 197 65 476 55 413
5058 5 100 59 175 56 405 75 485 90 439 31 244
5059 5 52 30 353 2 61 8 377 75 344 17 20
5060 5 232 96 257 3 379 43 42 75 129 94 95
5061 5 290 98 392 10 189 11 89 72 336 48 215
5062 5 155 20 206 91 337 16 150 88 10 27 116
5063 5 111 47 480 40 182 56 369 69 143 39 256
5064 5 233 96 41 85 113 29 291 97 481 11 93
5065 5 125 76 30 23 300 88 170 9 264 92 218
5066 5 163 2 216 67 277 87 94 96 455 68 218
5067 5 118 26 252 60 485 55 304 38 141 61 112
5068 5 198 2 400 45 98 63 270 24 216 87 293
5069 5 69 27 346 6 371 28 292 66 375 52 121
5070 5 123 46 22 27 138 59 323 4 138 69 35
5071 5 150 42 44 22 29 61 398 10 449 65 454
5072 5 263 1 191 5 365 15 125 36 262 57 430
5073 5 196 97 465 73 473 79 250 41 46 93 72
5074 5 276 39 53 53 181 38 280 25 366 83 316
5075 5 244 7 365 57 462 38 396 15 95 92 122
5076 5 65 46 389 57 449 6 259 70 123 33 136
5077 5 223 76 469 73 168 14 414 97 99 98 266
5078 5 191 26 7 40 166 78 400 89 358 28 134
5079 5 280 22 155 32 203 29 230 67 174 53 415
5080 5 153 33 479 50 277 58 465 68 168 69 285
5081 5 198 37 342 56 164 71 259 93 361 29 99
5082 5 205 78 295 24 184 43 463 53 69 77 498
5083 5 82 91 236 43 413 93 339 65 386 64 47
5084 5 169 14 64 67 301 72 417 16 364 66 101
5085 5 272 98 76 75 25 97 34 62 467 59 19
5086 5 69 89 427 59 230 13 317 70 248 4 331
5087 5 130 70 273 84 139 74 118 20 34 25 397
5088 5 115 14 55 98 183 83 450 7 290 20 169
5089 5 256 79 166 10 467 50 227 79 29 39 328
5090 5 250 23 389 96 74 48 413 18 324 93 367
5091 5 226 87 208 25 316 41 196 84 137 73 221
5092 5 78 49 380 19 422 16 330 92 282 56 146
5093 5 231 66 343 44 34 80 251 26 368 22 438
5094 5 173 97 489 76 326 11 87 55 293 13 114
5095 5 207 53 29 23 179 99 163 80 93 94 315
5096 5 93 99 211 65 396 57 249 67 240 83 175
5097 5 239 39 272 5 10 63 320 55 275 90 474
5098 5 166 38 64 74 239 38 187 81 47 58 429
5099 5 87 65 169 56 116 19 107 12 351 48 293
5100 5 99 38 489 23 42 2 85 51 87 62 434
5101 5 218 98 380 91 370 75 458 96 160 32 70
5102 5 240 59 178 17 159 84 294 87 318 64 193
5103 5 264 19 231 67 156 43 106 63 45 80 147
5104 5 78 68 96 15 483 55 21 5 86 76 5
5105 5 130 46 407 78 471 21 277 2 374 91 418
5106 5 186 25 221 11 489 29 11 72 25 3 129
5107 5 214 71 160 77 320 57 171 59 210 77 396
5108 5 126 83 88 13 170 69 357 53 177 61 330
5109 5 219 22 313 62 249 68 119 36 87 59 427
5110 5 124 46 361 94 93 47 188 87 5 35 84
5111 5 68 23 68 28 336 68 472 90 191 48 27
5112 5 64 83 367 53 312 6 475 43 375 86 99
5113 5 127 88 157 1 150 31 376 62 486 23 196
5114 5 239 64 424 61 479 55 424 28 258 78 487
5115 5 254 84 328 68 457 77 183 89 390 71 331
5116 5 82 65 37 82 32 68 275 28 381 72 3
5117 5 273 64 63 26 239 26 247 97 30 16 333
5118 5 286 76 2 61 50 36 214 82 36 22 299
5119 5 128 6 485 32 219 90 241 39 431 2 28
5120 5 235 44 286 11 356 29 368 82 116 89 206
5121 5 242 69 401 88 21 72 249 93 172 30 15
5122 5 130 53 499 30 405 31 204 10 384 58 341
5123 5 287 5 244 63 210 51 67 27 239 70 442
5124 5 287 87 94 9 263 86 380 44 329 70 128
5125 5 272 1 471 1 260 39 397 17 460 1 276
5126 5 50 4 136 46 167 27 322 18 319 86 474
5127 5 165 99 102 1 349 45 357 12 446 90 458
5128 5 140 35 239 11 123 57 436 6 343 49 392
5129 5 294 15 122 46 171 9 55 81 271 33 290
5130 5 199 38 395 91 133 13 210 20 391 22 191
5131 5 191 75 394 91 249 69 316 7 457 73 347
5132 5 287 9 71 69 50 68 206 38 62 76 366
5133 5 140 16 291 17 104 95 349 28 237 86 122
5134 5 279 84 296 74 234 37 41 66 339 90 96
5135 5 128 72 459 57 160 84 450 64 401 81 24
5136 5 258 43 41 26 173 40 99 61 137 12 319
5137 5 106 21 226 52 244 34 4 69 464 82 368
5138 5 196 17 157 15 105 40 190 91 87 33 150
5139 5 290 53 41 58 242 73 300 59 322 28 181
5140 5 145 70 436 37 199 17 109 56 276 49 277
5141 5 131 26 184 26 309 11 308 23 100 46 185
5142 5 293 32 30 71 66 5 485 13 262 9 9
5143 5 194 13 141 85 159 19 386 51 1 44 163
5144 5 243 83 335 22 411 49 105 39 69 83 289
5145 5 212 27 230 79 241 60 72 39 19 55 104
5146 5 128 49 169 58 12 70 171 78 17 1 162
5147 5 133 6 259 57 62 10 414 33 80 32 374
5148 5 191 5 192 73 492 85 52 68 486 53 166
5149 5 76 20 250 30 222 72 462 49 174 10 312
5150 5 77 65 29 71 476 76 480 41 151 41 353
5151 5 96 47 74 3 479 98 355 28 399 92 419
5152 5 298 96 272 92 157 60 446 36 259 95 238
5153 5 226 38 463 51 12 43 397 30 228 80 125
5154 5 295 39 331 66 402 93 296 27 147 32 1
5155 5 222 55 2 34 4 26 264 62 205 94 437
5156 5 82 30 339 99 462 56 316 80 132 20 211
5157 5 221 50 403 66 83 34 61 38 170 66 493
5158 5 278 36 24 94 192 61 442 90 122 3 439
5159 5 249 5 16 93 445 20 308 73 470 47 319
5160 5 130 45 282 72 471 21 37 5 363 58 484
5161 5 202 77 289 41 425 41 374 82 203 11 284
5162 5 72 10 11 48 73 42 431 30 316 67 188
5163 5 143 52 10 70 35 1 21 59 7 24 275
5164 5 154 37 134 62 282 5 325 22 123 93 350
5165 5 143 54 113 19 454 52 11 84 271 2 326
5166 5 90 50 459 20 205 83 207 19 100 12 398
5167 5 270 7 232 67 492 83 80 59 87 49 114
5168 5 132 85 461 50 106 17 7 93 340 7 265
5169 5 58 82 351 98 77 12 256 33 16 24 136
5170 5 180 71 95 37 209 87 208 83 136 8 203
5171 5 115 92 258 20 57 20 478 52 94 50 22
5172 5 222 60 267 81 423 57 234 29 317 69 285
5173 5 219 17 314 69 24 44 164 42 199 69 160
5174 5 53 76 94 49 57 19 124 36 346 49 269
5175 5 113 3 194 55 279 78 36 60 98 5 375
5176 5 76 39 54 57 39 18 260 67 481 17 28
5177 5 233 28 4 29 329 57 289 39 35 71 92
5178 5 138 66 319 55 320 15 4 13 144 27 117
5179 5 219 66 237 72 25 81 125 62 356 94 387
5180 5 113 41 323 92 253 27 120 21 276 11 240
5181 5 71 69 360 89 237 2 456 82 148 1 275
5182 5 72 34 210 48 72 28 256 34 422 25 180
5183 5 122 38 294 52 145 16 402 88 154 70 270
5184 5 128 44 46 54 293 9 136 25 384 38 5
5185 5 105 4 262 96 393 85 192 46 274 49 271
5186 5 208 8 24 43 427 97 363 3 81 70 162
5187 5 234 47 439 62 255 40 234 9 304 68 209
5188 5 136 69 167 66 65 44 119 46 120 64 341
5189 5 110 23 311 67 141 27 405 67 227 58 237
5190 5 90 83 102 85 346 55 21 6 99 13 319
5191 5 290 72 423 84 98 89 455 78 225 66 199
5192 5 189 96 27 96 187 14 177 96 358 81 386
5193 5 128 9 448 69 415 34 497 85 272 24 208
5194 5 257 10 192 95 363 52 187 99 423 47 254
5195 5 212 26 185 7 417 97 313 64 259 15 169
5196 5 272 21 112 26 51 76 327 31 486 53 421
5197 5 239 49 90 65 64 17 118 76 261 19 109
5198 5 101 86 154 54 20 42 424 48 23 90 491
5199 5 106 8 59 26 153 74 395 7 465 44 285
5200 5 91 80 154 93 192 8 337 36 103 22 262
5201 5 133 3 12 6 260 8 244 17 151 82 399
5202 5 191 93 86 76 178 84 353 14 29 4 100
5203 5 222 66 148 90 386 12 239 39 235 82 51
5204 5 157 83 351 45 378 25 477 16 262 64 436
5205 5 123 82 481 34 159 81 165 65 116 98 188
5206 5 280 67 366 81 147 9 416 50 331 57 291
5207 5 297 87 381 44 20 75 407 39 110 75 52
5208 5 138 79 386 50 57 14 455 88 163 69 9
5209 5 166 78 217 73 145 74 352 5 199 28 389
5210 5 212 93 319 17 310 15 292 3 212 80 425
5211 5 267 12 226 81 273 66 410 3 171 44 8
5212 5 180 60 169 37 199 19 211 65 420 20 479
5213 5 231 77 164 42 134 91 472 52 374 13 92
5214 5 193 59 315 25 340 29 496 74 202 33 40
5215 5 201 10 408 86 154 93 78 33 209 88 282
5216 5 186 81 331 99 374 83 1 59 309 41 438
5217 5 225 90 341 5 296 82 30 32 143 9 32
5218 5 261 41 206 17 366 7 146 44 268 72 461
5219 5 281 24 107 80 154 55 262 45 186 46 20
5220 5 105 69 404 30 264 97 464 81 124 34 406
5221 5 84 88 414 57 328 82 226 64 198 76 198
5222 5 261 33 218 57 14 99 279 19 171 62 493
5223 5 219 87 150 7 487 48 164 58 235 38 407
5224 5 234 80 16 26 416 73 426 66 369 9 222
5225 5 92 96 69 97 458 23 354 53 438 83 108
5226 5 149 41 210 12 169 67 378 90 425 63 41
5227 5 118 59 12 27 140 29 127 79 354 97 206
5228 5 195 31 47 30 152 70 124 98 437 66 224
5229 5 55 96 185 60 326 74 477 2 380 41 447
5230 5 228 14 431 44 405 77 308 76 56 88 333
5231 5 155 46 453 24 185 27 221 71 367 14 243
5232 5 110 35 106 62 74 5 457 70 317 44 256
5233 5 123 60 64 49 425 35 221 80 79 31 468
5234 5 153 37 164 48 410 40 151 29 234 44 301
5235 5 225 83 137 13 485 52 451 78 168 97 324
5236 5 175 38 404 70 419 73 278 56 475 52 259
5237 5 226 71 181 93 238 44 256 42 420 64 485
5238 5 145 91 65 90 27 35 327 74 320 30 73
5239 5 193 47 199 21 417 74 409 20 127 85 89
5240 5 229 50 225 93 62 9 315 8 479 45 290
5241 5 129 74 238 18 257 29 299 17 431 90 195
5242 5 162 59 95 30 408 93 140 97 71 37 152
5243 5 212 25 279 63 199 24 206 40 354 2 123
5244 5 135 15 241 50 35 10 83 79 485 26 419
5245 5 54 69 145 58 19 32 379 94 443 28 341
5246 5 118 14 15 5 62 69 142 95 368 27 254
5247 5 124 73 349 80 492 17 332 80 41 86 165
5248 5 246 28 47 35 244 61 47 95 334 52 163
5249 5 142 35 206 40 352 75 190 15 90 38 446
5250 5 215 63 321 65 468 80 284 28 397 88 19
5251 5 57 62 473 35 19 11 472 9 48 20 385
5252 5 110 65 489 59 242 80 388 30 207 30 72
5253 5 82 70 480 32 295 80 448 76 489 79 116
5254 5 69 69 454 22 25 28 424 7 452 96 75
5255 5 160 27 194 63 8 31 53 44 490 35 423
5256 5 56 2 485 99 208 9 298 43 89 55 146
5257 5 59 43 251 76 43 4 90 81 415 10 161
5258 5 266 53 316 91 183 7 310 37 141 60 353
5259 5 103 50 3 61 242 43 66 20 313 60 321
5260 5 180 7 90 93 365 94 152 48 162 15 346
5261 5 264 48 404 42 226 16 27 36 143 28 28
5262 5 179 54 413 28 362 1 289 50 175 60 115
5263 5 54 77 436 14 182 45 134 30 83 90 365
5264 5 281 74 165 57 127 71 178 27 26 79 385
5265 5 298 45 326 85 208 61 322 16 99 56 448
5266 5 167 99 17 91 2 63 27 38 330 3 418
5267 5 185 89 241 31 239 25 327 85 195 5 484
5268 5 295 95 251 51 52 79 102 87 223 20 54
5269 5 221 88 286 58 203 66 342 13 21 54 148
5270 5 289 30 304 73 164 8 473 44 439 57 176
5271 5 279 46 313 13 387 74 372 42 368 51 384
5272 5 72 25 319 76 386 48 238 77 449 66 286
5273 5 221 18 399 55 239 93 380 87 406 31 1
5274 5 212 35 392 1 401 67 52 16 345 18 341
5275 5 66 22 37 6 322 98 118 19 283 20 379
5276 5 243 33 497 24 117 68 185 38 110 48 201
5277 5 117 30 335 42 86 20 347 30 454 85 321
5278 5 86 65 378 65 127 82 448 56 492 58 53
5279 5 107 28 223 62 26 5 207 63 256 88 298
5280 5 181 19 469 59 312 93 57 35 244 39 163
5281 5 290 81 158 56 365 64 163 53 457 25 20
5282 5 204 46 463 90 338 73 155 4 433 13 272
5283 5 261 73 434 77 300 37 327 96 464 14 77
5284 5 221 64 467 70 161 78 452 23 3 26 277
5285 5 89 56 322 17 277 6 293 30 14 86 277
5286 5 106 74 461 57 316 28 148 68 83 58 76
5287 5 54 43 57 9 262 2 163 83 442 15 235
5288 5 218 96 366 56 342 99 412 1 30 57 168
5289 5 229 56 393 37 162 28 227 2 8 30 176
5290 5 248 42 248 54 454 87 22 43 335 35 146
5291 5 128 32 261 56 60 79 239 58 369 24 38
5292 5 195 61 335 80 454 79 43 2 413 52 318
5293 5 82 21 470 82 1 43 331 43 396 99 87
5294 5 187 28 288 19 4 66 119 35 48 59 97
5295 5 62 42 32 5 281 62 470 66 202 89 201
5296 5 277 50 38 77 132 43 251 78 90 57 145
5297 5 55 59 252 57 82 22 396 49 98 49 243
5298 5 203 26 313 71 236 57 139 29 169 95 49
5299 5 168 61 396 6 328 99 80 38 168 44 433
5300 5 139 99 159 26 98 41 437 45 3 25 401
5301 5 170 1 381 71 420 89 460 98 499 16 151
5302 5 196 63 270 94 465 83 454 22 10 31 232
5303 5 190 33 62 9 60 10 47 57 187 72 344
5304 5 167 95 444 83 429 47 70 97 77 80 270
5305 5 150 24 497 62 171 99 61 66 389 35 94
5306 5 204 42 107 58 438 53 101 47 270 89 24
5307 5 291 50 229 8 128 20 424 44 381 85 10
5308 5 197 14 335 94 119 86 328 11 329 76 242
5309 5 294 1 145 34 120 58 7 65 176 86 207
5310 5 53 83 379 53 368 48 161 32 339 79 227
5311 5 218 53 307 23 332 14 162 22 425 3 68
5312 5 198 17 403 67 225 3 419 25 143 89 449
5313 5 295 82 296 84 312 11 322 41 11 68 53
5314 5 74 9 214 13 277 37 367 92 451 86 476
5315 5 58 4 135 69 244 43 127 66 393 86 289
5316 5 207 45 492 23 171 3 408 95 210 69 406
5317 5 151 93 133 69 102 56 113 42 20 74 181
5318 5 180 26 293 20 268 26 459 25 64 85 246
5319 5 174 78 413 59 240 61 123 31 8 17 497
5320 5 211 16 280 27 337 97 167 63 351 71 159
5321 5 172 56 188 97 314 10 5 78 104 82 255
5322 5 197 51 60 40 227 25 452 84 379 27 190
5323 5 138 72 477 61 59 56 428 29 138 43 132
5324 5 158 78 154 2 2 76 283 79 179 5 447
5325 5 269 85 150 88 313 66 421 72 498 39 239
5326 5 256 48 477 2 49 81 31 21 201 35 106
5327 5 55 66 435 64 170 53 151 75 109 10 304
5328 5 50 35 290 17 266 30 373 50 355 28 227
5329 5 254 8 254 91 25 4 173 42 220 15 382
5330 5 179 11 44 68 428 23 381 59 214 90 272
5331 5 191 13 462 3 65 32 429 72 315 91 156
5332 5 137 64 338 79 365 80 137 59 215 3 155
5333 5 103 31 436 10 176 62 112 5 274 57 186
5334 5 92 70 380 96 451 67 23 87 209 37 106
5335 5 197 42 290 53 445 47 441 22 61 32 378
5336 5 149 76 402 95 490 95 94 15 15 57 378
5337 5 138 18 457 96 304 41 18 36 64 92 63
5338 5 196 46 452 55 25 63 259 54 24 66 212
5339 5 86 94 175 76 64 97 244 78 453 23 171
5340 5 140 26 431 50 31 75 347 67 82 71 405
5341 5 249 84 366 8 324 65 120 89 382 91 220
5342 5 56 28 57 88 226 93 5 24 32 40 305
5343 5 128 19 217 9 39 31 414 3 251 21 31
5344 5 66 5 176 55 28 80 303 61 283 17 224
5345 5 249 3 184 46 9 34 420 8 435 76 475
5346 5 257 18 303 78 441 23 433 88 468 98 371
5347 5 136 33 312 83 393 28 344 34 171 32 136
5348 5 88 58 165 29 237 84 205 77 98 74 451
5349 5 108 84 487 89 184 36 56 10 97 80 207
5350 5 163 98 398 32 372 1 187 19 87 13 401
5351 5 236 57 443 92 308 45 152 51 63 68 42
5352 5 281 37 42 45 275 30 403 3 366 76 350
5353 5 139 69 296 62 336 19 373 12 19 17 303
5354 5 51 71 291 11 270 29 109 11 91 23 408
5355 5 102 71 431 40 337 79 86 27 279 7 472
5356 5 241 16 358 16 407 59 390 98 15 70 148
5357 5 183 74 257 1 78 7 291 55 474 82 480
5358 5 131 27 305 31 327 96 78 18 23 35 205
5359 5 265 55 17 23 248 22 21 63 154 37 69
5360 5 207 21 182 69 111 11 349 8 150 64 179
5361 5 201 11 212 98 189 57 426 92 28 63 365
5362 5 95 92 346 88 414 57 217 56 204 97 321
5363 5 95 92 385 99 57 58 268 85 247 60 63
5364 5 132 76 440 43 312 36 241 59 163 53 444
5365 5 151 67 463 84 179 46 93 24 103 46 321
5366 5 188 22 455 89 417 7 246 45 411 61 230
5367 5 139 87 345 53 267 87 151 8 269 98 401
5368 5 201 5 22 92 437 53 40 24 234 86 269
5369 5 266 29 3 7 62 70 143 12 205 10 290
5370 5 60 59 128 65 192 7 68 73 59 11 241
5371 5 134 74 281 26 209 31 365 46 351 88 106
5372 5 215 13 236 19 495 71 106 71 374 69 161
5373 5 247 46 170 72 160 65 413 78 22 19 129
5374 5 120 60 19 62 419 95 25 51 220 84 217
5375 5 144 74 241 29 151 81 270 66 397 19 83
5376 5 174 86 310 14 169 94 152 88 238 53 217
5377 5 138 13 347 42 108 15 254 17 175 67 186
5378 5 147 86 278 53 185 74 432 56 444 84 14
5379 5 170 75 125 2 255 71 123 74 16 77 321
5380 5 64 29 191 42 477 74 478 95 168 33 183
5381 5 111 94 339 3 359 60 67 18 4 1 283
5382 5 198 65 467 93 227 74 306 16 370 72 91
5383 5 290 90 497 44 378 22 223 15 286 81 368
5384 5 62 56 325 35 143 91 70 33 206 75 331
5385 5 112 34 3 17 404 89 499 37 154 87 348
5386 5 192 39 298 51 212 9 400 43 393 61 45
5387 5 222 63 490 62 121 38 5 4 335 40 346
5388 5 255 99 205 28 223 27 406 72 43 19 279
5389 5 189 79 487 95 299 94 398 7 24 31 22
5390 5 135 72 497 35 445 9 129 57 90 2 23
5391 5 60 5 150 66 459 11 346 39 317 41 60
5392 5 186 24 498 24 146 37 260 70 122 58 78
5393 5 57 94 464 74 398 92 313 28 9 19 151
5394 5 167 56 179 59 61 55 342 22 319 77 245
5395 5 136 79 35 80 43 3 493 30 454 92 152
5396 5 164 96 229 99 381 74 320 68 49 52 345
5397 5 256 52 192 45 226 11 330 30 83 7 174
5398 5 291 89 383 54 99 3 13 21 15 81 108
5399 5 258 74 249 74 129 69 193 90 53 24 169
5400 5 122 40 488 51 207 53 244 62 358 80 462
5401 5 78 3 486 18 39 98 374 46 9 95 454
5402 5 152 46 480 81 166 90 137 11 272 31 425
5403 5 159 41 42 84 272 2 415 28 139 72 149
5404 5 265 88 475 80 306 31 156 86 114 73 88
5405 5 292 3 274 69 10 92 408 88 377 46 84
5406 5 59 39 440 39 110 74 415 61 245 55 127
5407 5 195 55 337 51 55 20 123 80 489 59 124
5408 5 224 89 188 28 330 82 18 94 63 55 349
5409 5 140 97 443 62 268 89 338 64 93 64 39
5410 5 206 73 339 26 217 35 343 33 117 28 113
5411 5 283 80 319 14 300 37 446 21 190 85 304
5412 5 281 48 386 66 161 50 230 71 156 5 143
5413 5 108 49 355 74 54 53 56 31 8 91 215
5414 5 184 94 253 72 42 20 115 2 492 92 99
5415 5 239 69 434 8 246 95 65 8 151 47 151
5416 5 236 93 331 23 159 50 60 21 152 91 217
5417 5 178 96 394 33 366 12 427 21 166 62 387
5418 5 124 39 423 68 208 66 136 72 154 20 488
5419 5 172 21 443 9 100 6 313 71 227 99 297
5420 5 55 33 390 90 482 93 64 10 122 92 476
5421 5 217 53 417 82 238 66 497 30 186 42 450
5422 5 76 90 344 12 451 64 40 96 9 78 424
5423 5 176 90 378 43 133 92 314 28 40 73 347
5424 5 202 81 382 64 255 33 463 98 237 30 191
5425 5 272 94 486 99 312 76 370 15 237 13 163
5426 5 194 38 483 29 90 9 187 29 19 35 245
5427 5 111 92 367 42 224 70 7 22 309 69 343
5428 5 274 53 76 72 2 80 136 11 142 47 206
5429 5 154 88 394 72 39 33 382 83 147 24 242
5430 5 199 39 118 49 343 96 360 62 443 77 305
5431 5 152 85 194 39 347 63 174 59 450 45 105
5432 5 259 58 184 43 136 99 322 18 493 72 4
5433 5 295 88 225 46 168 95 365 26 259 70 35
5434 5 143 11 12 24 364 18 143 43 170 80 67
5435 5 68 84 43 85 424 74 27 67 262 1 218
5436 5 294 39 319 61 72 34 80 68 108 62 209
5437 5 236 39 111 76 343 89 424 64 407 13 281
5438 5 215 17 65 54 232 97 190 17 143 89 264
5439 5 60 81 472 3 351 42 453 22 122 86 228
5440 5 285 60 215 85 260 53 61 17 298 98 234
5441 5 115 45 93 77 321 58 399 83 308 7 358
5442 5 109 87 336 5 441 46 47 26 495 55 29
5443 5 157 32 397 20 462 74 470 70 339 53 133
5444 5 142 86 180 50 372 8 150 28 199 23 154
5445 5 141 29 84 4 113 47 63 4 212 67 356
5446 5 297 50 78 9 300 53 391 85 224 99 279
5447 5 104 74 447 39 85 5 161 21 424 47 68
5448 5 116 90 286 30 444 47 374 73 302 68 316
5449 5 177 14 352 65 408 36 250 68 300 16 212
5450 5 260 3 491 88 438 6 192 65 351 30 117
5451 5 146 47 3 69 429 38 148 1 422 79 291
5452 5 134 85 57 1 373 99 124 20 344 4 315
5453 5 273 5 1 6 407 71 138 10 3 32 403
5454 5 58 84 42 34 337 53 481 10 245 1 9
5455 5 169 76 255 59 474 77 370 62 63 71 173
5456 5 108 53 339 76 387 92 259 4 276 15 478
5457 5 130 59 44 38 264 37 346 51 210 83 288
5458 5 170 16 351 69 252 6 81 22 368 22 173
5459 5 283 80 431 87 267 56 383 34 61 5 478
5460 5 184 50 293 36 83 61 473 4 281 58 318
5461 5 125 41 392 79 256 4 437 27 404 45 69
5462 5 195 36 183 99 275 79 310 39 313 21 292
5463 5 268 93 377 32 288 74 121 11 461 83 141
5464 5 58 67 181 37 460 68 162 27 398 21 463
5465 5 50 47 332 87 222 92 147 68 162 67 469
5466 5 166 10 39 29 397 87 495 22 199 63 283
5467 5 56 23 122 74 303 98 172 65 211 34 326
5468 5 93 25 48 32 57 79 482 75 66 85 323
5469 5 224 91 160 5 53 12 79 33 407 15 463
5470 5 164 45 201 13 167 82 348 6 308 26 96
5471 5 121 56 448 69 20 70 169 77 347 30 473
5472 5 206 70 493 65 277 89 55 37 469 84 181
5473 5 79 60 44 43 435 76 208 38 29 37 96
5474 5 168 80 105 23 287 44 492 17 37 47 270
5475 5 193 46 448 29 138 19 354 73 154 12 275
5476 5 207 80 272 90 182 63 288 79 5 92 145
5477 5 245 76 287 21 140 86 256 69 393 4 275
5478 5 252 97 332 15 430 41 235 96 196 16 52
5479 5 64 68 238 49 449 20 250 55 176 45 301
5480 5 299 10 109 72 188 92 458 51 240 75 130
5481 5 87 52 55 56 222 70 437 15 57 34 410
5482 5 150 5 313 61 443 25 180 55 404 66 457
5483 5 54 81 469 43 391 81 481 24 104 8 49
5484 5 243 3 122 6 232 9 205 5 35 38 317
5485 5 160 4 406 45 247 69 169 15 188 78 65
5486 5 188 52 349 45 203 17 111 96 287 3 107
5487 5 285 6 335 81 403 10 211 81 257 58 286
5488 5 88 18 230 38 394 86 223 41 9 74 260
5489 5 132 44 37 36 261 62 204 70 13 82 44
5490 5 211 17 194 72 489 32 426 19 378 40 197
5491 5 170 29 193 33 135 33 35 1 341 45 320
5492 5 102 61 472 10 354 47 316 62 206 75 84
5493 5 260 29 387 19 442 18 479 89 465 73 78
5494 5 141 42 335 3 125 91 37 42 434 84 107
5495 5 229 53 337 96 195 41 485 49 55 45 380
5496 5 100 87 77 2 321 6 429 68 315 1 273
5497 5 190 50 219 26 478 77 298 29 346 25 331
5498 5 229 43 31 58 235 98 341 68 251 27 344
5499 5 269 15 207 5 173 11 326 80 26 64 71
5500 5 117 71 382 14 6 90 165 57 264 65 172
