32001 32 1650 0 0 0 0 1 1 0 0 0 0 0 0 1 1 0 0 0 1 0 0 0 0 1 0 0 0 0 0 0 0 0 0 
32002 32 7299 1 1 1 1 1 1 1 1 1 1 1 1 0 1 0 1 0 1 1 1 1 1 1 1 1 1 0 1 1 1 0 0 
32003 32 2837 0 1 0 0 0 1 0 0 0 0 0 0 0 1 0 0 0 0 0 0 0 0 0 1 1 0 1 1 0 0 0 1 
32004 32 5961 0 0 1 1 1 0 1 0 1 1 0 1 1 0 1 0 1 1 1 0 0 1 1 1 1 1 0 0 1 1 1 1 
32005 32 7228 1 1 1 0 0 1 1 1 0 1 1 1 0 0 0 1 1 1 1 0 1 1 1 1 1 1 0 1 1 0 1 1 
32006 32 7139 1 0 1 0 0 1 1 1 1 1 1 1 1 0 0 1 1 1 1 0 1 0 1 0 1 1 0 1 1 1 1 1 
32007 32 4354 1 1 0 0 1 0 0 1 1 1 0 0 0 0 1 1 1 0 1 1 0 1 0 0 1 1 1 0 1 0 0 1 
32008 32 4762 0 1 0 0 1 0 1 1 0 1 1 0 0 1 0 0 1 0 1 1 0 0 0 0 1 1 0 0 1 0 0 1 
32009 32 4995 0 1 0 1 1 0 1 0 1 1 0 1 1 0 0 1 0 0 0 0 1 1 0 1 0 1 0 0 1 0 0 0 
32010 32 8236 1 1 1 0 1 1 1 0 0 0 1 1 1 1 1 1 0 1 0 0 1 0 1 1 1 1 1 0 1 0 0 1 
32011 32 6000 1 0 1 0 0 1 1 1 1 1 1 1 1 1 0 0 1 1 1 0 1 1 1 1 1 0 0 0 1 0 1 1 
32012 32 5643 1 1 0 1 0 1 1 1 1 1 1 1 0 1 1 1 1 1 0 0 1 1 0 1 1 1 0 0 0 1 1 0 
32013 32 2188 0 0 0 0 0 0 0 0 0 0 0 0 0 0 1 0 1 1 0 0 0 0 0 0 0 1 0 0 0 0 1 0 
32014 32 1622 0 0 0 0 0 0 1 0 0 0 0 1 1 0 0 0 0 0 0 0 0 1 0 0 0 0 0 0 0 0 0 0 
32015 32 5004 0 0 1 0 1 1 1 0 0 0 1 0 1 0 1 1 0 1 1 0 0 1 1 0 1 0 1 0 0 1 1 1 
32016 32 5467 1 1 1 0 1 1 0 0 0 1 1 1 0 1 1 1 0 0 0 0 0 0 1 1 1 0 0 1 1 1 0 0 
32017 32 3034 0 0 0 0 1 0 0 1 1 0 0 0 0 0 0 1 1 0 0 0 0 0 1 0 1 0 1 1 0 0 0 0 
32018 32 3921 0 0 0 0 1 0 0 0 1 1 0 0 1 0 0 1 0 1 0 1 1 0 1 1 0 0 1 0 0 1 1 0 
32019 32 2174 0 0 0 0 0 0 1 0 0 1 0 0 0 0 0 1 0 0 0 0 0 1 0 0 0 1 0 1 0 0 0 0 
32020 32 8078 1 1 1 1 1 1 1 1 1 1 1 1 1 1 1 1 0 1 1 0 0 1 1 1 1 1 0 1 1 1 1 1 
32021 32 5471 1 0 1 1 1 1 0 0 1 1 0 0 0 0 0 1 1 1 1 0 1 1 0 0 1 1 0 0 0 1 1 1 
32022 32 7316 1 0 1 1 1 1 0 1 1 1 0 1 1 0 1 1 1 1 1 1 1 0 0 1 1 0 0 1 0 1 1 1 
32023 32 6925 1 0 1 1 1 1 0 0 1 0 1 1 1 1 1 0 0 0 0 1 1 1 1 1 1 1 0 1 1 1 0 0 
32024 32 7017 1 1 1 1 1 1 1 1 1 1 1 1 1 1 1 1 1 1 1 1 1 1 1 1 1 1 1 1 1 1 1 1 
32025 32 6180 1 1 1 1 0 1 1 0 1 1 0 1 1 1 0 0 0 1 1 1 0 1 1 1 0 1 1 1 1 1 1 1 
32026 32 3349 0 1 0 0 0 1 0 0 0 0 0 1 0 0 1 1 0 0 0 0 1 0 0 1 1 1 1 0 0 1 0 0 
32027 32 7639 0 1 0 0 1 1 1 1 1 0 1 1 1 1 0 1 1 1 0 1 1 1 1 1 1 1 1 1 1 1 1 1 
32028 32 2806 1 0 1 0 0 0 1 0 0 0 1 1 0 0 0 1 0 0 0 0 0 1 0 0 0 1 0 0 0 0 0 0 
32029 32 6701 1 1 1 1 1 0 1 1 1 1 1 0 1 1 1 0 1 0 1 1 1 0 1 0 1 1 1 1 1 0 1 0 
32030 32 2498 0 1 0 1 0 1 0 0 0 0 0 1 1 0 0 0 1 0 0 0 0 0 1 1 0 0 0 0 0 1 0 0 
32031 32 7287 1 0 1 1 1 0 1 1 1 1 1 0 1 1 1 1 1 1 1 1 1 0 1 1 1 1 1 1 1 1 1 1 
32032 32 7295 1 1 1 1 1 1 1 1 1 1 1 1 1 1 1 1 1 1 1 1 1 1 1 1 1 1 1 1 1 1 1 1 
32033 32 8032 1 1 1 1 1 1 0 1 1 1 1 1 0 1 1 1 1 1 1 1 1 0 1 1 1 1 1 1 1 1 1 1 
32034 32 7064 1 1 1 1 1 1 1 1 1 1 1 1 1 1 1 1 1 1 1 1 1 1 1 1 1 1 1 1 1 1 1 1 
32035 32 7701 1 1 1 1 0 1 1 1 1 1 0 1 1 1 1 1 1 1 1 1 1 1 1 1 1 1 0 1 1 0 1 1 
32036 32 3605 0 0 0 1 0 0 0 0 0 0 0 1 0 1 1 1 0 1 1 0 0 0 1 0 0 1 1 1 0 0 0 1 
32037 32 5196 1 1 0 1 1 1 1 1 0 0 1 1 1 0 1 1 1 1 1 1 0 1 1 0 1 0 1 0 0 1 1 1 
32038 32 7107 0 0 1 1 1 0 1 1 0 1 1 0 1 1 0 0 1 1 1 0 0 1 0 1 0 1 1 1 1 1 0 1 
32039 32 5623 1 0 1 0 1 1 1 1 0 1 0 0 0 0 0 1 0 1 0 0 1 1 1 1 0 1 1 0 0 0 1 1 
32040 32 2264 1 0 0 0 0 1 0 0 1 0 1 0 0 0 0 0 0 0 0 0 0 1 0 1 1 1 0 0 0 0 0 0 
32041 32 4490 1 1 0 0 0 0 0 0 0 0 1 0 0 0 1 0 1 0 0 0 0 1 1 1 0 0 1 1 0 0 1 1 
32042 32 6753 1 1 1 1 1 0 1 1 1 0 1 1 1 0 1 0 1 1 1 1 0 0 1 1 1 1 0 1 0 1 1 1 
32043 32 8109 1 1 1 1 1 1 1 1 1 1 1 1 1 1 1 1 1 1 1 1 1 1 1 1 1 1 1 1 1 1 1 1 
32044 32 5973 0 0 1 0 1 1 0 1 0 0 1 1 1 1 0 0 1 0 1 0 1 0 1 1 1 0 1 1 1 0 1 1 
32045 32 6609 1 1 0 0 0 1 1 1 1 0 0 1 1 0 0 0 1 1 1 1 0 1 1 0 1 1 1 0 1 0 1 1 
32046 32 8725 1 1 0 1 1 1 1 1 1 1 1 1 0 1 1 1 1 1 1 1 1 1 1 1 1 1 1 1 1 1 1 1 
32047 32 8095 1 1 1 1 1 0 0 0 1 1 0 1 1 1 0 1 1 1 1 1 0 0 1 1 1 1 1 1 1 1 1 1 
32048 32 5326 0 0 0 1 0 0 1 1 1 0 1 0 1 0 1 0 0 0 1 0 0 1 1 0 1 1 0 0 0 1 0 1 
32049 32 4932 1 0 0 1 1 0 0 0 1 0 1 1 0 0 1 1 1 1 0 0 0 0 0 0 1 1 1 1 1 1 0 1 
32050 32 7625 1 1 1 1 1 1 1 1 1 1 0 1 1 1 1 1 1 0 1 1 0 1 1 1 1 1 1 1 1 1 0 0 
32051 32 2309 0 1 0 0 0 0 0 0 0 0 0 0 0 1 0 1 0 0 0 0 1 0 0 0 1 1 0 0 0 0 0 0 
32052 32 3683 0 0 1 0 0 0 1 0 0 0 0 0 0 0 0 1 1 0 0 1 0 1 0 0 0 0 0 0 1 1 1 1 
32053 32 6489 1 1 1 1 1 0 0 0 1 0 0 1 0 1 1 1 1 1 1 1 0 1 1 0 1 0 1 1 1 0 0 1 
32054 32 8589 1 1 1 1 0 1 1 1 1 1 1 1 1 0 1 1 0 1 0 1 0 1 1 1 0 0 1 1 0 1 1 1 
32055 32 6808 0 1 1 1 1 1 1 0 0 1 1 1 0 1 0 1 1 0 1 1 1 1 0 0 1 0 1 0 1 1 1 1 
32056 32 6313 1 1 0 1 0 1 1 1 0 0 1 1 1 1 1 1 1 0 1 1 0 1 0 1 1 1 0 1 1 1 0 1 
32057 32 8245 1 1 1 1 1 1 1 1 1 1 1 0 1 1 1 1 1 1 1 1 1 1 1 1 1 1 1 1 1 1 0 1 
32058 32 2554 0 1 0 0 0 0 0 0 0 0 1 0 1 0 0 0 0 0 1 0 1 1 0 0 0 0 0 0 1 0 0 0 
32059 32 3759 0 0 0 0 0 1 1 1 0 1 1 0 1 1 0 0 1 0 1 0 1 0 0 0 0 0 1 0 0 0 0 0 
32060 32 6194 1 1 1 1 1 1 1 1 1 1 1 1 1 1 1 1 1 1 1 1 1 1 1 1 1 1 1 1 1 1 1 1 
32061 32 5591 1 1 1 1 0 0 0 0 0 1 1 1 1 1 1 1 0 1 1 0 1 0 0 0 0 1 0 0 0 1 1 0 
32062 32 8516 1 1 1 1 1 1 1 1 1 1 1 1 1 1 1 1 1 1 1 1 1 1 1 1 1 1 1 1 1 1 1 1 
32063 32 4092 0 1 0 0 0 0 0 1 1 0 1 0 1 1 0 0 0 0 1 0 0 1 1 1 0 1 0 1 0 0 1 0 
32064 32 2652 0 0 1 0 0 0 0 0 0 1 0 1 1 0 1 0 0 0 0 0 0 0 1 1 1 0 0 0 0 0 0 1 
32065 32 4942 1 0 0 1 1 0 0 1 0 0 0 1 0 0 1 0 1 0 0 0 0 1 1 1 1 0 1 0 1 1 0 1 
32066 32 4128 1 1 0 0 1 0 0 1 1 0 0 0 0 0 0 0 0 1 1 0 1 1 0 0 0 1 0 0 1 1 0 1 
32067 32 7235 1 1 1 1 1 0 0 1 1 0 1 1 1 1 0 1 1 1 1 1 1 1 0 0 1 1 1 1 1 1 1 1 
32068 32 2327 0 0 0 0 0 0 0 0 1 0 0 0 0 0 1 0 0 1 0 0 0 0 1 1 0 0 0 0 1 0 0 1 
32069 32 6224 1 0 0 1 1 0 1 1 0 0 1 0 1 0 1 1 0 1 0 1 1 0 1 1 0 1 1 0 0 1 1 1 
32070 32 5484 1 0 0 1 1 1 0 1 1 1 0 1 1 1 1 1 0 1 1 1 1 0 1 0 0 0 1 1 1 0 0 1 
32071 32 9362 1 1 1 1 1 1 1 1 1 1 1 1 1 1 1 1 1 1 1 1 1 1 1 1 1 1 1 1 1 1 1 1 
32072 32 8177 1 1 1 1 1 1 1 1 1 1 1 1 1 1 1 1 1 1 1 1 1 1 1 1 1 1 1 1 1 1 1 1 
32073 32 5335 0 1 1 0 1 0 1 1 1 1 1 0 0 0 1 0 1 0 1 0 1 1 0 1 1 0 1 0 1 0 0 0 
32074 32 4079 0 1 0 0 0 1 0 0 0 0 1 1 1 0 1 0 1 1 0 1 1 0 0 0 0 1 0 1 1 0 0 1 
32075 32 5514 0 0 0 1 1 1 1 1 0 1 0 0 1 0 1 0 0 1 0 1 1 0 0 1 1 1 1 1 0 0 0 0 
32076 32 8220 1 1 1 1 1 1 1 0 1 1 0 1 1 1 1 1 1 1 1 1 1 1 1 1 1 1 1 1 1 0 1 0 
32077 32 2555 0 0 0 0 1 0 0 0 1 0 1 0 0 0 0 0 0 1 0 0 1 1 1 0 1 0 0 0 0 0 0 0 
32078 32 7440 1 1 1 1 1 1 1 1 1 0 1 1 1 1 1 1 1 1 1 0 1 1 1 1 1 1 1 1 1 1 1 1 
32079 32 7719 1 0 1 1 1 1 1 1 0 1 0 1 1 0 1 1 0 1 1 0 1 1 1 1 1 1 0 1 1 1 1 1 
32080 32 6845 1 0 0 1 0 1 0 1 1 1 1 1 1 1 1 1 1 0 1 1 1 1 1 1 1 0 1 1 1 0 1 1 
32081 32 7147 0 0 0 1 1 1 1 1 1 1 0 1 1 0 1 0 1 1 0 1 0 1 1 1 1 1 0 1 0 0 1 1 
32082 32 5238 0 0 1 0 0 0 0 0 0 0 0 0 0 1 1 0 1 1 1 1 1 1 0 0 1 1 1 1 1 1 1 1 
32083 32 5045 1 0 1 1 0 1 0 1 1 0 1 0 0 1 1 1 0 0 0 0 1 0 0 0 1 1 1 0 0 1 1 0 
32084 32 5574 0 1 0 1 1 1 0 0 1 1 0 0 1 1 1 1 0 1 0 0 1 1 0 0 1 0 1 1 0 1 0 0 
32085 32 2281 0 0 1 0 0 0 1 0 0 1 1 1 0 0 0 0 0 0 1 1 0 0 0 1 1 0 0 0 0 0 0 0 
32086 32 6098 0 1 0 1 1 0 1 1 1 1 1 1 0 0 1 1 0 0 1 0 1 1 0 1 0 1 1 1 1 0 0 1 
32087 32 6135 0 1 1 0 1 1 1 0 0 1 1 1 1 1 1 0 0 1 1 1 0 1 0 0 1 1 1 1 1 0 0 0 
32088 32 6492 0 1 1 1 0 1 0 1 1 1 1 0 0 1 1 1 0 1 1 1 1 1 0 1 1 1 0 1 1 1 1 0 
32089 32 2874 1 0 0 1 0 0 1 0 0 0 0 0 1 0 1 0 1 0 0 0 0 0 0 0 0 0 0 1 0 1 0 0 
32090 32 8878 1 1 0 1 1 1 1 1 1 1 1 1 1 1 1 1 1 1 1 1 1 1 1 1 1 1 1 1 1 1 1 1 
32091 32 6048 0 1 0 0 1 1 0 1 1 1 1 1 0 1 1 1 1 1 1 0 0 0 1 1 0 0 1 1 1 1 1 1 
32092 32 6762 1 1 0 1 0 1 1 1 0 0 1 0 1 1 0 0 0 1 0 1 1 1 1 1 1 1 0 1 1 0 1 0 
32093 32 6521 1 1 1 1 1 1 1 1 1 1 1 1 0 1 0 1 1 1 0 1 1 0 1 1 1 1 1 1 1 1 1 1 
32094 32 6257 0 0 1 0 0 0 1 1 0 1 0 1 1 0 1 1 1 0 0 1 1 0 1 1 1 1 1 1 0 1 0 1 
32095 32 7591 0 1 1 1 1 1 1 0 1 1 1 1 1 1 1 1 1 0 1 1 1 1 1 1 1 1 1 0 1 1 1 1 
32096 32 4650 0 1 1 0 0 1 0 0 0 1 0 0 0 1 1 0 0 1 1 0 0 1 0 0 0 1 1 1 0 1 0 0 
32097 32 7461 0 0 0 1 0 0 1 1 1 1 1 0 1 1 1 0 1 0 1 1 0 1 1 1 1 1 1 1 1 0 1 1 
32098 32 6162 0 1 1 1 1 1 0 0 0 1 0 0 1 0 0 1 0 1 1 0 1 1 0 0 0 1 0 0 1 1 1 1 
32099 32 3840 1 1 0 0 0 0 1 1 0 1 0 0 0 0 0 1 0 0 0 0 1 1 0 0 0 0 1 1 0 1 0 1 
32100 32 5697 1 1 0 1 1 1 1 0 0 1 1 1 1 0 1 0 1 1 1 0 0 0 0 1 0 0 1 0 1 0 0 1 
32101 32 8395 1 1 1 1 1 1 1 1 1 1 1 1 1 1 1 1 1 1 1 1 1 1 1 1 1 1 1 1 1 1 1 1 
32102 32 5528 1 1 1 1 1 0 1 1 0 1 0 0 1 1 1 1 1 1 1 1 0 0 1 0 0 0 1 0 1 1 1 0 
32103 32 7172 1 1 1 1 0 1 1 1 1 0 0 1 0 1 1 1 1 1 1 0 1 1 1 1 0 0 1 1 0 1 0 0 
32104 32 3730 0 0 1 0 0 1 1 0 0 0 0 1 1 1 1 0 0 0 1 0 0 0 0 1 0 0 1 1 0 1 1 0 
32105 32 4548 0 0 0 0 1 0 0 1 1 0 1 1 0 0 0 0 1 0 0 1 1 1 1 1 0 0 0 0 0 1 0 0 
32106 32 7328 1 1 1 1 1 1 1 1 1 1 1 0 1 1 0 1 1 1 1 1 1 1 1 1 1 1 1 1 0 1 1 1 
32107 32 4761 0 0 0 0 1 1 0 1 1 1 0 0 1 1 0 1 1 1 0 0 1 0 0 0 0 1 0 0 1 1 1 0 
32108 32 7779 1 1 1 1 1 1 1 1 1 1 1 1 1 1 1 1 1 0 1 1 1 1 1 1 1 1 1 1 1 1 1 1 
32109 32 5487 1 1 1 1 1 1 0 0 0 1 1 1 0 1 1 0 1 0 0 1 1 1 1 1 0 1 1 1 1 0 0 1 
32110 32 8022 1 1 1 1 1 1 0 1 1 1 1 1 1 1 1 1 1 1 1 1 1 0 1 1 0 1 1 1 1 1 1 1 
32111 32 8561 1 1 1 1 1 0 1 1 1 1 1 1 1 0 1 1 1 1 1 0 1 1 1 0 1 1 0 1 1 1 1 1 
32112 32 2991 0 1 1 0 0 1 0 1 0 0 0 0 1 0 1 0 0 0 1 0 1 0 0 1 0 0 0 1 0 0 0 0 
32113 32 7459 1 0 0 1 1 1 1 1 1 1 1 1 1 1 1 0 1 1 1 0 1 0 0 1 1 0 1 1 0 0 1 0 
32114 32 5621 1 1 1 0 0 0 0 0 1 0 0 0 1 0 0 1 1 1 0 1 1 1 1 0 0 0 0 1 1 0 0 1 
32115 32 3052 0 0 0 0 1 1 1 1 1 1 0 0 1 0 1 0 0 0 0 0 0 0 0 0 0 1 0 1 1 0 0 0 
32116 32 6504 0 0 1 0 1 1 0 0 1 0 1 1 0 0 1 0 1 1 1 1 0 1 0 1 1 0 0 1 1 0 1 1 
32117 32 3272 0 0 1 0 1 0 0 1 1 0 0 0 0 1 0 0 0 0 1 0 0 1 0 0 0 0 0 0 1 0 0 1 
32118 32 5947 1 0 0 1 1 1 1 1 1 0 1 0 1 0 1 0 0 1 0 1 1 0 0 1 1 1 0 1 1 1 1 0 
32119 32 7721 1 1 0 1 0 1 1 0 1 1 1 0 1 1 1 1 1 1 1 0 1 1 1 0 0 1 1 1 1 1 1 0 
32120 32 4095 0 0 0 0 0 0 0 0 0 0 1 0 1 1 1 0 0 0 0 1 1 1 0 0 1 1 1 1 0 1 0 1 
32121 32 6449 0 0 1 0 1 1 0 1 1 1 1 0 1 0 0 1 0 1 0 1 1 1 0 1 0 0 1 1 1 1 1 0 
32122 32 6696 1 1 1 1 0 1 1 1 1 1 1 1 1 0 1 1 1 0 1 1 1 1 1 1 1 1 1 1 1 1 1 1 
32123 32 1606 0 0 0 0 1 0 0 0 0 0 0 0 0 0 0 1 0 0 1 1 0 0 0 0 0 1 0 0 0 0 0 1 
32124 32 5636 1 0 0 0 1 0 0 1 1 0 1 1 0 1 1 0 1 1 1 1 1 0 1 0 1 1 1 0 1 0 0 1 
32125 32 8062 1 1 0 1 0 1 1 1 1 1 1 1 1 1 1 1 0 1 1 0 1 1 1 1 0 1 1 0 0 0 1 0 
32126 32 6744 0 1 1 1 1 0 1 1 0 0 1 1 1 0 1 0 1 0 1 0 1 0 0 1 1 1 1 1 0 1 1 1 
32127 32 7983 1 1 1 0 1 1 1 1 1 1 1 1 1 1 1 1 1 1 0 1 1 1 1 1 1 1 1 1 1 1 0 0 
32128 32 5989 1 0 1 1 1 0 1 1 1 0 0 0 1 0 0 0 1 0 0 0 0 0 0 1 1 1 0 0 1 1 1 1 
32129 32 2468 0 0 0 1 0 0 0 0 0 0 0 0 0 0 1 0 0 0 1 0 0 1 0 0 1 1 1 0 0 1 0 0 
32130 32 7205 1 1 1 1 0 1 1 1 1 1 1 1 1 1 1 0 1 1 1 1 1 1 1 0 1 1 1 1 1 1 1 1 
32131 32 7262 0 0 1 0 0 0 1 1 1 1 1 1 1 1 1 1 1 1 1 1 1 1 1 1 1 1 1 0 1 1 0 1 
32132 32 5697 0 0 1 0 0 0 1 1 1 0 1 0 1 0 1 1 1 0 1 1 1 0 1 0 1 1 1 0 1 1 1 1 
32133 32 6986 1 1 0 1 1 0 1 0 1 1 1 0 1 1 0 1 0 1 1 1 1 0 0 1 1 1 0 1 1 0 0 1 
32134 32 6255 1 1 1 1 0 1 1 0 1 1 1 1 1 1 1 1 1 1 0 1 1 1 1 1 1 1 1 1 1 0 1 1 
32135 32 6010 0 1 0 1 0 1 1 1 1 1 0 1 0 1 1 1 1 1 1 1 0 0 1 1 0 0 0 1 1 0 0 1 
32136 32 8165 1 1 1 1 1 1 1 0 1 1 1 1 1 1 1 1 1 1 1 1 1 1 1 1 1 1 1 1 1 1 1 1 
32137 32 8853 1 0 1 1 1 0 1 1 1 0 1 1 1 1 1 1 1 1 1 0 1 1 1 1 1 1 1 1 1 0 1 1 
32138 32 5213 0 1 1 0 1 0 1 0 1 1 1 1 1 1 1 0 0 1 0 1 1 0 1 0 0 0 0 0 0 1 0 1 
32139 32 8526 1 1 0 1 1 1 1 0 1 0 0 1 1 1 1 1 1 1 1 0 1 1 1 1 1 0 1 1 0 1 1 1 
32140 32 3974 0 0 1 1 1 1 1 0 1 1 0 0 1 0 0 0 0 0 0 0 0 1 1 1 0 0 1 0 0 0 0 0 
32141 32 6714 1 1 1 1 1 1 1 1 1 1 1 1 1 1 1 1 1 1 1 1 1 1 1 1 1 1 1 1 1 1 1 1 
32142 32 8933 1 0 1 1 1 0 1 1 1 1 1 1 1 1 1 1 1 1 1 1 1 1 0 1 0 1 1 1 1 1 1 1 
32143 32 4631 0 0 1 0 1 0 1 0 0 0 0 0 0 1 1 0 1 0 1 0 0 1 0 0 1 0 1 1 0 1 1 1 
32144 32 9345 1 0 1 1 1 1 1 1 1 1 1 1 1 1 1 1 1 1 0 1 1 1 0 1 1 1 0 1 0 1 1 1 
32145 32 8126 1 1 1 1 1 1 1 0 1 1 1 1 0 1 1 1 1 1 1 1 1 1 1 1 0 1 1 1 1 1 1 1 
32146 32 3807 1 1 1 0 0 0 1 1 0 0 0 0 0 1 0 1 0 1 0 0 0 0 0 1 0 0 0 0 1 0 1 1 
32147 32 4110 0 1 1 0 1 0 0 1 0 0 1 0 0 1 1 0 0 1 0 0 0 1 0 1 0 0 0 1 0 1 0 0 
32148 32 8396 1 1 1 1 1 1 1 1 1 1 1 1 1 0 0 0 1 1 0 1 1 1 1 1 1 0 1 1 0 1 1 1 
32149 32 6054 1 0 0 1 1 1 0 1 0 0 1 0 1 0 1 0 1 1 0 0 0 1 1 1 0 0 0 1 1 1 1 0 
32150 32 5077 1 0 1 0 1 1 0 0 0 0 1 0 1 0 0 1 1 0 1 0 1 0 0 0 0 0 1 1 0 0 1 1 
32151 32 6168 0 0 1 1 1 1 1 1 1 1 0 1 0 1 0 1 1 1 1 0 0 1 0 0 1 1 1 1 1 0 1 1 
32152 32 6711 1 1 0 0 1 1 1 1 1 0 1 1 1 1 1 1 0 0 0 0 1 1 1 1 1 0 1 1 1 1 1 0 
32153 32 5038 0 1 1 1 1 0 0 0 1 1 0 1 0 1 1 0 0 1 1 0 1 1 0 1 1 1 1 1 0 0 1 0 
32154 32 8632 1 1 1 1 1 1 1 1 1 1 1 1 1 1 1 1 0 1 0 1 1 0 1 1 1 0 1 1 0 1 1 1 
32155 32 6339 0 1 1 1 1 1 1 1 0 1 1 1 0 1 1 0 0 0 1 0 1 1 1 1 1 1 0 0 1 0 1 0 
32156 32 3987 0 0 0 0 0 0 0 1 1 0 1 0 1 0 1 0 0 1 0 1 0 1 1 0 0 0 1 1 0 0 0 0 
32157 32 6618 1 1 1 1 1 1 1 1 1 1 1 1 1 1 1 1 0 1 1 1 1 1 1 1 1 1 0 1 1 1 1 1 
32158 32 1745 0 0 0 1 0 0 0 0 0 0 0 0 0 0 0 0 1 0 0 0 1 0 0 0 1 1 0 0 0 0 1 0 
32159 32 8667 1 1 1 1 0 1 1 0 1 1 0 1 1 1 1 1 1 1 1 1 1 1 1 1 0 0 1 1 1 1 0 1 
32160 32 8696 1 1 1 1 1 1 1 1 1 1 1 1 1 1 1 1 1 1 1 1 1 1 1 1 1 1 1 1 1 1 1 1 
32161 32 6377 1 1 1 1 1 1 1 0 1 1 1 0 0 0 0 1 0 1 1 0 0 1 0 1 0 0 1 1 0 0 1 0 
32162 32 6070 1 0 0 0 1 1 0 0 0 1 1 1 0 1 0 1 0 0 1 1 1 1 1 0 1 1 1 1 1 1 1 0 
32163 32 4862 0 1 1 1 1 0 0 1 1 0 1 1 1 1 0 0 0 0 0 0 1 1 1 0 0 0 0 0 0 0 1 1 
32164 32 8070 0 1 1 0 1 1 1 1 1 1 1 1 1 1 1 1 1 1 1 1 0 0 1 0 1 0 1 1 0 1 1 1 
32165 32 6942 1 1 1 1 1 1 1 1 1 1 1 1 0 1 1 1 0 0 1 1 1 1 1 1 1 1 0 1 1 1 1 0 
32166 32 2932 0 1 1 0 1 0 1 0 0 0 0 0 0 0 1 0 0 0 1 1 0 0 0 0 0 0 0 1 1 0 0 1 
32167 32 8203 1 1 1 1 1 1 1 1 1 1 1 1 1 1 1 1 1 1 1 1 1 1 1 1 1 1 1 1 1 1 1 1 
32168 32 4195 0 0 0 0 0 1 0 1 1 0 0 1 1 1 1 1 0 1 0 0 1 1 1 0 1 0 0 0 0 0 0 0 
32169 32 6990 0 1 1 0 1 1 0 0 0 1 1 1 1 1 1 0 1 1 1 1 1 0 1 0 1 1 1 1 1 1 1 1 
32170 32 3805 1 1 0 1 0 0 0 0 0 0 1 0 0 0 0 0 1 1 1 0 0 0 0 0 1 1 1 1 0 0 0 1 
32171 32 2690 0 0 0 1 0 0 0 0 1 0 1 0 1 1 0 1 0 0 0 0 0 0 0 0 0 0 1 0 0 0 0 0 
32172 32 7598 1 1 1 1 0 0 1 1 1 1 1 1 1 1 1 1 0 0 1 0 1 1 1 1 1 1 1 1 1 1 1 1 
32173 32 7631 1 1 1 1 1 1 1 1 1 1 1 0 1 1 1 1 1 0 1 0 1 1 1 1 1 0 1 1 1 1 1 1 
32174 32 7855 1 1 0 1 1 1 0 0 1 1 1 1 1 1 1 1 1 1 1 1 1 1 0 1 1 1 0 1 1 0 1 1 
32175 32 5075 0 0 1 1 0 1 1 1 1 1 0 1 1 1 1 1 1 1 1 1 1 0 1 1 1 1 1 1 1 1 0 1 
32176 32 5287 1 1 1 0 1 1 1 1 0 1 0 1 0 1 1 1 0 1 0 0 1 0 1 0 1 0 1 1 1 0 1 1 
32177 32 7012 1 1 1 1 1 1 1 0 1 1 1 1 1 1 1 1 0 1 1 1 1 0 0 1 1 1 1 1 0 1 1 1 
32178 32 2331 1 0 1 0 0 1 0 0 0 0 0 1 0 0 0 0 0 0 1 0 0 0 0 0 0 0 1 0 0 1 0 0 
32179 32 2220 1 0 1 0 0 0 1 0 0 0 0 1 0 0 1 0 1 0 0 0 0 1 0 0 0 0 0 0 0 0 0 0 
32180 32 5320 0 1 0 1 1 0 0 0 1 1 1 0 1 0 1 0 0 1 1 1 0 0 0 0 1 1 1 1 1 1 1 1 
32181 32 6378 0 1 0 1 0 1 1 1 1 0 1 0 1 1 1 0 0 0 0 0 1 1 0 1 1 0 1 1 0 1 1 1 
32182 32 5793 0 0 0 0 1 1 1 0 1 1 1 1 0 1 0 1 0 0 1 1 1 1 1 0 1 1 0 1 0 1 0 1 
32183 32 5392 1 1 0 1 1 1 0 0 1 0 0 1 0 0 1 0 0 0 1 0 0 0 1 1 1 1 0 0 1 1 0 1 
32184 32 8208 1 1 1 1 1 1 1 1 1 1 1 1 1 1 1 1 1 1 1 1 1 1 1 1 1 1 1 1 1 1 1 1 
32185 32 7602 0 0 1 1 1 1 1 0 1 1 1 1 0 1 1 1 1 1 1 1 1 1 1 1 0 1 1 1 0 1 1 1 
32186 32 2535 1 0 0 0 0 1 0 1 0 0 1 0 0 1 1 0 0 0 0 0 0 0 0 0 0 1 0 0 0 0 0 0 
32187 32 5463 1 0 0 1 1 1 0 0 1 0 1 1 0 1 1 1 0 1 1 1 1 0 0 1 1 0 1 1 0 1 0 0 
32188 32 5645 1 1 1 0 1 0 1 0 1 1 0 1 1 1 0 1 0 1 1 1 1 0 0 1 0 0 1 1 0 1 1 0 
32189 32 7857 1 1 1 1 1 1 1 1 1 1 1 1 1 1 1 1 1 1 1 0 1 1 1 1 1 1 1 1 1 1 1 1 
32190 32 7910 1 1 0 1 1 0 1 1 0 1 1 1 1 1 1 1 1 1 1 1 1 1 1 1 1 1 0 1 1 1 1 1 
32191 32 2942 0 0 1 0 0 0 1 0 0 0 1 0 0 0 0 1 0 1 0 1 0 0 0 0 1 0 0 0 0 1 1 1 
32192 32 7977 1 1 1 1 1 1 1 1 1 0 1 0 1 0 1 0 1 1 1 1 1 1 1 1 1 1 1 1 1 1 1 1 
32193 32 6326 1 1 1 0 0 0 1 1 0 1 0 1 0 1 0 1 1 1 1 0 0 1 1 1 0 0 0 1 1 1 1 1 
32194 32 4534 0 1 1 1 0 1 1 1 1 1 0 0 0 0 0 1 1 1 0 0 1 0 0 1 0 0 0 0 1 1 0 0 
32195 32 8335 1 1 1 1 1 1 1 1 1 1 1 1 1 1 1 1 1 1 1 1 1 1 1 1 1 0 1 1 1 1 1 1 
32196 32 7436 1 0 1 1 1 1 1 1 1 1 1 1 1 1 1 1 1 1 1 1 1 0 1 1 1 1 1 1 1 1 1 1 
32197 32 7755 1 1 1 1 1 1 1 1 1 1 1 1 1 1 1 1 1 1 1 1 1 1 1 1 1 1 1 1 1 1 1 1 
32198 32 5100 0 1 1 1 0 0 1 1 1 0 0 1 1 0 0 1 0 1 0 1 1 0 1 0 1 1 0 1 0 1 0 0 
32199 32 5989 0 1 0 0 0 0 1 0 1 0 1 0 0 1 0 1 0 1 1 1 0 1 1 0 1 1 1 1 0 0 0 1 
32200 32 3387 0 0 1 1 0 1 0 0 1 0 1 0 1 0 0 0 1 1 0 0 0 0 0 0 0 0 1 0 1 1 1 0 
32201 32 6022 0 1 1 0 0 1 1 1 1 0 0 0 0 1 1 1 1 1 1 1 1 1 0 1 1 0 0 0 1 1 0 1 
32202 32 7816 1 1 1 0 1 1 1 1 1 1 1 1 1 1 1 1 1 1 1 1 0 1 1 1 1 0 1 1 1 1 1 1 
32203 32 7367 1 0 1 1 1 0 1 0 0 1 1 0 1 0 1 0 1 1 1 1 0 1 0 1 1 1 1 1 1 1 1 0 
32204 32 7483 0 1 1 0 1 0 1 1 0 1 1 1 1 1 1 1 1 1 1 0 0 0 1 0 1 1 1 1 1 0 1 1 
32205 32 6002 0 1 1 1 1 1 0 1 1 0 1 0 1 0 0 1 1 0 1 0 0 1 0 1 0 0 0 1 0 1 0 1 
32206 32 2069 0 1 0 0 0 1 0 0 0 1 0 0 1 1 0 1 0 0 0 0 0 0 0 0 0 1 0 0 0 0 0 0 
32207 32 7896 0 1 1 1 0 0 0 1 1 1 0 1 1 1 1 1 0 1 1 1 1 1 0 0 0 1 1 1 1 1 0 0 
32208 32 7828 1 1 1 1 1 1 1 1 1 0 0 1 1 1 1 1 1 1 1 0 0 1 0 1 1 0 0 1 1 1 0 1 
32209 32 528 0 1 0 0 0 0 0 0 0 1 1 0 0 0 0 0 0 0 0 0 0 0 0 0 0 0 0 0 0 0 0 0 
32210 32 3880 1 0 1 1 0 0 1 0 1 1 0 0 0 1 1 0 0 1 0 1 0 0 0 1 0 0 1 1 0 1 1 0 
32211 32 5533 0 1 1 1 0 0 1 1 1 0 1 1 1 0 1 0 0 1 1 1 1 0 0 0 1 1 0 0 1 1 1 1 
32212 32 5746 0 1 1 0 0 1 1 0 0 1 1 0 1 1 1 1 1 0 1 1 1 1 1 1 1 0 0 0 0 1 0 1 
32213 32 5546 1 1 1 1 1 1 1 1 1 1 0 0 0 0 1 0 0 0 0 1 1 0 0 1 1 0 0 0 1 0 0 1 
32214 32 8634 1 1 1 1 1 1 1 1 1 1 1 1 1 1 1 1 1 1 1 1 1 1 1 1 1 1 1 1 1 1 1 1 
32215 32 5297 1 0 0 1 0 1 1 1 1 1 0 0 1 0 0 1 0 1 0 1 1 0 1 0 0 1 1 1 0 0 0 0 
32216 32 8522 1 1 1 1 1 1 1 1 1 1 1 1 1 1 1 1 1 1 1 1 1 1 1 1 1 1 1 1 1 1 1 1 
32217 32 7853 0 1 1 1 0 1 1 1 1 0 1 1 1 1 0 1 1 1 1 1 1 0 0 1 1 1 1 1 0 1 1 1 
32218 32 4722 1 0 0 0 0 0 0 0 0 0 0 0 1 1 1 0 0 0 1 0 1 1 1 1 1 1 0 0 1 0 1 1 
32219 32 6376 1 0 0 0 0 1 1 1 1 1 1 1 0 1 1 0 1 1 1 1 1 0 0 1 1 1 0 1 1 1 0 1 
32220 32 6928 0 0 1 1 0 1 1 1 0 1 1 1 1 1 1 0 1 1 1 0 0 1 1 0 1 1 0 0 0 1 0 0 
32221 32 3498 0 0 1 1 0 1 1 1 1 1 0 0 1 0 0 0 0 0 1 0 0 0 0 0 1 0 0 0 0 0 0 1 
32222 32 5809 0 0 1 1 1 1 0 0 1 1 1 1 1 1 0 0 0 1 0 1 1 1 1 1 0 1 0 0 1 0 1 0 
32223 32 5388 0 1 0 1 0 0 0 0 1 0 1 1 0 1 0 0 0 1 0 0 1 0 1 0 1 1 0 1 1 0 0 1 
32224 32 6503 1 0 0 0 1 0 1 0 1 1 0 0 0 1 1 1 1 0 1 1 1 1 1 0 1 1 1 0 0 1 1 1 
32225 32 4986 1 1 0 0 1 1 1 1 0 0 0 0 0 0 0 0 0 0 0 1 0 1 1 1 1 1 0 0 1 0 1 0 
32226 32 3162 0 0 1 0 1 0 0 0 0 1 0 0 0 0 0 0 0 0 1 1 1 1 0 0 0 1 0 0 0 1 1 0 
32227 32 6459 1 1 1 0 0 1 1 1 1 0 0 0 0 0 1 0 1 1 1 1 1 0 0 1 1 1 1 1 1 0 0 1 
32228 32 1839 1 0 0 0 0 1 0 0 1 0 0 0 0 0 0 0 0 0 1 1 0 1 0 0 1 0 0 0 0 0 0 0 
32229 32 8696 1 1 0 1 1 1 1 1 1 1 1 1 1 1 0 1 1 1 1 1 1 1 1 0 1 1 1 1 1 1 1 1 
32230 32 6967 0 0 0 0 1 1 1 1 0 1 1 1 0 0 0 1 1 0 1 0 1 0 1 1 0 1 1 1 1 1 0 1 
32231 32 8200 1 1 1 1 1 1 1 1 1 1 1 1 1 1 1 1 1 1 1 1 1 1 1 1 1 1 1 1 1 1 1 1 
32232 32 2714 0 0 1 0 0 0 0 0 1 0 0 1 1 0 0 1 1 0 0 0 0 0 1 0 1 0 0 0 0 0 0 0 
32233 32 5403 0 1 1 1 1 1 0 1 1 1 1 1 1 0 0 1 1 1 1 1 1 0 0 1 0 0 1 1 1 1 0 1 
32234 32 6696 0 0 1 1 1 0 0 0 1 1 1 1 1 0 1 1 1 1 1 1 1 0 1 1 1 0 1 0 1 0 0 1 
32235 32 7554 1 1 1 1 1 1 1 1 1 1 1 1 1 1 0 1 1 1 1 1 1 1 1 1 1 0 1 1 1 1 1 1 
32236 32 6641 0 1 0 1 0 0 1 0 0 0 1 0 1 0 0 1 1 1 1 0 1 1 1 0 0 1 0 1 1 1 1 1 
32237 32 7772 1 1 0 1 1 1 1 1 1 1 1 1 1 1 1 1 1 1 1 1 1 1 1 0 1 1 1 0 1 1 1 1 
32238 32 8067 1 1 1 1 1 1 1 1 1 1 1 1 1 1 1 1 1 1 1 1 1 1 1 1 1 0 1 1 1 1 1 1 
32239 32 8704 0 1 1 1 1 1 1 1 1 1 1 1 1 1 1 1 1 1 1 1 1 1 1 1 1 1 1 1 1 1 1 1 
32240 32 7562 1 1 1 1 0 0 1 1 1 1 1 1 1 1 1 1 1 1 1 1 1 1 1 1 1 1 1 1 1 0 1 1 
32241 32 5730 1 1 0 0 1 0 1 1 1 0 1 1 1 1 1 0 0 0 1 1 1 0 0 1 1 1 1 0 0 0 0 1 
32242 32 4820 0 1 1 1 0 1 1 1 0 1 0 0 0 0 1 0 0 0 0 1 0 1 1 0 0 1 0 1 0 0 0 1 
32243 32 7604 1 1 1 1 1 1 1 1 1 0 1 1 1 1 1 1 1 1 1 1 0 1 1 0 1 1 1 1 1 1 1 1 
32244 32 5078 0 1 0 1 1 0 0 1 0 0 1 0 0 1 0 1 0 1 0 0 1 1 1 1 1 0 0 1 0 1 1 0 
32245 32 6338 1 0 0 0 1 0 0 1 1 1 0 1 0 1 1 1 0 1 1 1 0 1 1 1 0 1 0 0 1 1 1 0 
32246 32 5700 0 1 1 0 1 1 1 1 1 0 1 1 0 0 1 1 1 1 1 1 0 1 0 1 1 1 1 1 0 1 0 1 
32247 32 4671 1 1 0 1 0 0 1 0 1 0 0 1 0 0 0 0 0 0 0 1 1 0 1 0 1 1 1 1 0 0 0 1 
32248 32 3171 0 1 1 1 0 1 0 1 0 0 0 0 0 0 0 0 0 0 1 0 0 0 0 1 0 1 1 1 0 1 1 0 
32249 32 6858 1 1 1 1 1 1 1 1 0 1 1 1 1 0 1 1 0 1 1 1 1 1 0 1 0 1 1 1 1 1 1 1 
32250 32 8912 1 1 1 1 1 1 1 1 1 1 1 1 1 1 1 1 1 1 1 1 1 1 1 1 1 1 1 1 1 1 1 1 
32251 32 7999 1 1 1 1 1 1 1 1 1 1 0 1 1 1 1 0 1 1 1 1 1 1 1 1 1 1 1 1 1 1 0 1 
32252 32 8690 1 1 1 1 1 1 1 1 1 1 1 1 1 1 1 1 1 1 1 1 1 1 1 1 1 1 1 1 1 1 1 1 
32253 32 5909 0 1 1 0 1 1 0 1 1 0 1 0 0 1 0 1 1 1 0 1 0 1 1 1 0 0 1 0 0 1 0 1 
32254 32 9132 1 1 1 1 1 1 1 1 1 1 1 1 1 1 1 1 1 1 1 1 1 1 1 1 1 1 1 1 1 1 1 1 
32255 32 4485 0 1 1 0 0 0 0 0 1 0 1 1 1 0 1 0 0 0 0 1 1 0 0 1 0 0 0 0 0 0 1 1 
32256 32 7411 1 1 0 1 0 1 1 0 1 0 0 1 1 1 1 1 1 1 0 1 0 0 1 1 1 1 0 1 1 1 1 1 
32257 32 4312 0 0 0 0 0 1 0 0 1 0 0 1 1 0 1 1 1 1 0 1 0 0 1 0 1 0 0 1 1 0 0 0 
32258 32 4427 1 0 0 1 1 1 0 0 1 0 1 1 1 0 1 1 1 1 0 1 0 0 0 0 0 1 1 0 0 0 0 0 
32259 32 4168 0 0 0 1 0 1 1 0 1 0 0 1 0 0 0 0 1 0 0 1 0 0 0 0 0 1 1 0 1 0 1 1 
32260 32 6584 1 1 1 1 1 1 0 1 1 1 1 1 0 1 0 1 1 1 0 0 1 1 1 1 0 1 1 1 1 1 1 1 
32261 32 9071 1 1 1 1 1 1 1 1 1 1 1 1 1 1 1 1 1 1 1 0 1 1 1 1 1 1 1 1 0 1 1 1 
32262 32 8521 1 1 1 0 1 1 1 1 1 1 1 1 1 1 1 1 1 1 1 1 1 1 1 1 1 1 0 1 1 1 0 1 
32263 32 3092 0 0 0 0 0 1 0 0 1 0 0 1 0 0 0 0 0 0 1 0 0 1 1 1 1 1 0 0 0 0 0 0 
32264 32 7402 1 1 1 1 1 1 1 0 1 1 1 1 0 1 1 0 1 1 1 1 1 1 1 1 0 1 1 0 1 0 1 1 
32265 32 5338 1 1 1 0 1 1 1 0 1 1 0 0 1 1 1 0 0 0 1 0 1 0 0 0 0 0 0 1 0 1 1 1 
32266 32 2179 0 0 0 0 1 0 0 1 0 0 0 0 0 0 0 0 0 0 1 0 0 0 1 0 0 0 0 1 1 0 0 1 
32267 32 3837 0 1 0 1 0 1 1 0 0 0 0 0 0 0 1 1 1 1 0 0 0 0 1 0 1 1 1 0 0 0 0 0 
32268 32 6056 1 1 1 0 0 0 0 1 1 1 0 1 1 1 0 1 0 1 0 0 1 1 1 1 0 1 0 1 1 1 0 1 
32269 32 1842 0 0 0 0 0 0 0 1 1 0 0 0 0 0 0 0 0 0 1 0 0 1 0 0 0 0 0 0 0 1 0 0 
32270 32 4985 1 0 1 1 0 1 0 1 1 1 0 1 1 0 0 0 1 1 0 0 0 1 1 1 0 0 0 1 0 1 0 0 
32271 32 7982 1 1 1 1 0 0 1 1 1 1 1 1 1 1 1 0 1 1 0 1 1 1 1 1 0 1 0 0 1 1 1 1 
32272 32 8575 0 0 1 1 1 1 1 1 1 1 1 1 1 1 0 1 1 0 1 1 0 1 1 1 1 1 1 0 1 1 1 1 
32273 32 6606 1 1 1 1 1 0 1 1 0 1 1 1 0 1 1 0 0 1 1 0 1 1 1 1 1 0 1 1 1 0 1 1 
32274 32 6359 1 1 1 1 1 0 0 1 1 0 1 0 0 1 1 1 1 1 0 0 1 0 1 1 1 0 1 1 0 1 1 0 
32275 32 7452 1 1 1 1 1 1 1 1 1 1 1 1 1 1 0 1 1 1 1 1 1 1 1 1 1 1 1 1 1 1 1 1 
32276 32 7381 0 0 0 1 1 1 0 1 1 1 0 1 1 1 1 1 1 1 0 0 1 1 0 1 0 1 1 1 1 1 1 0 
32277 32 8519 0 1 0 0 1 1 1 1 1 1 1 1 1 1 1 1 1 1 1 1 1 1 1 1 1 1 1 1 1 0 1 0 
32278 32 6607 1 1 1 1 0 1 0 1 0 1 1 1 0 1 1 0 1 1 1 0 0 1 0 1 0 0 1 1 1 1 1 1 
32279 32 3701 1 0 0 0 1 0 0 0 0 1 1 1 0 0 0 1 0 0 1 0 0 1 1 1 0 0 1 0 0 0 0 0 
32280 32 3990 0 0 1 0 0 0 1 0 0 0 0 0 1 1 0 1 1 0 1 1 0 1 1 1 0 0 1 0 0 0 0 0 
32281 32 7557 1 1 1 1 1 1 1 1 1 1 1 1 1 1 1 1 1 1 1 1 1 1 1 1 1 1 1 1 1 1 1 1 
32282 32 7639 1 1 1 1 1 1 1 0 1 0 1 1 0 1 1 1 0 1 1 0 1 1 1 1 0 1 1 0 1 1 1 1 
32283 32 4841 0 0 1 0 0 1 0 1 0 0 0 0 1 1 0 1 0 0 1 1 1 1 0 1 0 1 0 0 0 0 1 0 
32284 32 4548 1 0 0 0 0 1 1 1 1 1 0 1 1 1 0 0 1 0 1 1 1 1 1 1 0 0 1 0 0 1 0 1 
32285 32 8085 1 1 1 1 1 0 0 1 0 1 1 0 1 1 1 0 1 1 1 1 0 1 0 1 1 0 1 0 1 1 1 1 
32286 32 4202 1 1 1 0 0 1 0 0 0 0 0 1 0 0 0 1 1 0 0 0 1 0 0 1 0 1 1 0 0 0 1 1 
32287 32 8223 1 0 1 0 1 1 1 0 0 1 0 1 1 1 1 1 1 1 1 0 1 1 1 0 1 1 1 1 1 1 1 1 
32288 32 5996 1 0 1 0 1 1 0 0 1 0 1 0 0 1 0 0 1 1 1 0 0 1 0 1 0 0 1 1 1 0 1 1 
32289 32 8222 1 1 1 1 0 0 0 1 1 1 1 1 1 1 0 1 1 1 1 0 1 1 0 1 1 1 1 1 1 1 1 1 
32290 32 7280 1 1 0 1 1 1 1 0 1 1 1 1 1 1 0 1 1 1 0 1 0 1 0 1 0 1 1 1 0 1 1 0 
32291 32 7097 1 1 1 1 1 1 1 0 0 1 1 1 0 0 0 1 1 1 1 1 1 1 1 1 1 1 1 1 1 1 1 0 
32292 32 6977 1 1 1 1 1 1 1 1 1 1 1 1 1 1 1 1 1 1 1 1 1 1 1 1 1 1 1 0 0 1 1 1 
32293 32 5183 1 0 1 1 0 0 1 1 0 1 0 0 1 0 0 1 1 1 1 0 0 0 1 0 1 1 0 0 0 1 0 1 
32294 32 7870 1 1 1 0 1 1 1 1 1 1 1 1 1 1 1 0 1 1 1 1 0 0 1 1 1 1 1 1 1 0 1 1 
32295 32 4173 1 1 0 1 0 1 1 1 0 0 0 1 0 1 0 0 0 0 0 1 1 0 0 0 0 1 0 0 0 0 0 1 
32296 32 5160 1 0 1 1 1 1 0 1 0 0 1 1 1 0 1 0 0 1 0 0 0 1 1 0 0 0 1 0 0 0 1 0 
32297 32 8072 1 1 1 1 1 0 1 1 1 0 1 1 1 1 1 1 1 1 1 1 1 1 1 1 1 0 0 0 1 1 1 1 
32298 32 5749 0 0 1 0 0 1 0 0 1 1 0 1 0 0 0 0 1 0 1 1 1 1 0 1 0 1 1 1 1 1 0 1 
32299 32 8284 1 0 1 1 1 1 1 1 1 0 1 1 1 1 1 1 0 1 1 1 1 1 1 1 1 0 1 1 0 1 0 1 
32300 32 5698 0 0 1 0 1 0 0 1 1 1 0 0 1 0 1 0 1 1 1 1 0 0 0 1 0 1 0 1 1 1 1 1 
32301 32 5619 1 1 1 1 0 1 1 0 0 0 0 0 1 1 1 1 1 1 1 0 1 0 0 1 0 1 1 1 1 1 1 0 
32302 32 8538 1 1 1 1 1 1 1 1 1 1 1 1 1 1 1 1 1 1 1 1 1 1 1 0 0 1 1 1 1 1 1 1 
32303 32 5430 1 0 1 1 1 1 0 0 0 0 0 1 1 0 1 1 1 1 1 1 0 0 0 0 1 1 1 0 1 1 0 0 
32304 32 6049 0 1 0 1 0 1 0 1 0 1 1 0 0 1 1 1 0 1 0 1 1 1 0 1 1 1 0 1 1 1 0 1 
32305 32 8505 1 1 1 1 1 1 1 1 1 1 1 0 1 1 1 1 1 1 1 1 1 1 1 1 1 1 1 1 1 1 1 1 
32306 32 5741 0 0 1 0 1 1 1 0 0 1 0 0 0 1 1 1 0 1 0 1 1 1 1 0 1 1 0 1 1 1 0 1 
32307 32 8278 1 1 1 1 1 1 1 1 1 1 1 1 1 1 1 1 1 1 1 1 1 1 1 1 1 1 1 1 1 1 1 1 
32308 32 6584 1 1 1 1 1 0 1 1 1 1 0 1 0 1 1 0 1 1 1 1 1 0 1 1 0 1 1 0 1 1 1 0 
32309 32 4193 0 0 1 0 1 1 0 0 0 1 1 0 0 0 1 1 1 1 1 0 1 0 0 0 1 0 1 0 0 0 0 1 
32310 32 7014 0 1 0 1 1 0 1 1 1 0 1 0 1 1 1 1 1 1 0 0 0 1 0 0 1 1 1 1 1 0 1 1 
32311 32 2189 0 1 1 0 0 0 0 0 0 0 0 0 0 0 0 0 0 0 0 1 0 0 0 0 1 0 1 0 1 0 0 0 
32312 32 6388 0 0 0 1 1 1 1 1 1 1 0 1 0 0 0 1 0 0 1 1 0 1 1 1 0 0 1 0 1 1 1 0 
32313 32 4381 0 0 1 0 1 0 1 1 1 1 1 0 0 0 1 1 1 0 0 0 1 0 0 0 0 0 0 1 0 0 0 0 
32314 32 7335 1 1 1 1 1 1 1 1 1 1 1 0 1 1 1 0 0 0 1 1 1 0 1 1 0 0 1 0 0 1 1 0 
32315 32 7423 1 1 1 1 1 1 1 1 0 1 0 1 1 1 1 1 1 1 1 1 1 1 1 1 1 1 1 1 1 1 0 1 
32316 32 6058 1 0 1 1 1 1 1 1 1 1 1 1 0 1 1 1 1 1 1 1 1 1 1 1 0 0 1 1 1 0 1 1 
32317 32 3919 1 0 1 1 1 0 0 0 0 0 0 0 0 1 0 1 0 1 1 0 0 0 1 1 1 0 0 0 1 1 0 0 
32318 32 8585 1 1 1 1 1 1 1 1 1 0 1 1 1 1 1 1 0 1 1 1 1 1 1 1 1 1 1 0 1 1 0 1 
32319 32 7269 1 1 1 1 1 0 0 1 1 1 1 1 1 1 1 0 1 1 0 0 0 1 1 1 1 0 1 0 1 0 1 1 
32320 32 8262 1 1 1 1 1 1 1 1 1 1 1 1 1 1 1 1 0 1 1 1 1 1 1 1 1 1 1 1 1 1 1 1 
32321 32 7245 1 1 1 1 0 1 1 0 1 1 0 0 0 1 1 1 1 0 0 0 1 0 1 0 1 1 1 1 1 1 1 0 
32322 32 6693 1 0 1 0 0 1 1 1 1 1 0 0 1 1 1 0 1 1 1 1 0 1 1 0 1 0 1 0 1 1 1 0 
32323 32 5000 0 1 1 1 0 1 1 1 1 1 0 1 1 0 0 0 1 1 0 0 0 0 0 1 0 0 0 0 0 0 1 1 
32324 32 4192 1 1 0 0 1 0 0 0 1 0 0 0 1 1 1 1 1 0 1 0 0 0 1 0 1 0 1 0 0 0 0 1 
32325 32 3050 0 0 0 0 0 1 0 0 0 0 1 0 0 0 1 0 0 1 0 0 1 0 0 0 1 0 0 0 0 0 1 0 
32326 32 8974 1 1 1 1 1 0 1 1 1 1 1 1 1 1 1 1 1 1 1 1 1 1 1 1 1 1 1 1 1 1 1 1 
32327 32 2890 0 0 0 1 0 0 0 0 0 1 0 0 0 0 1 0 0 1 1 1 0 0 1 0 0 0 1 1 0 0 1 1 
32328 32 9155 1 1 1 1 1 1 1 0 1 1 0 1 1 1 1 1 1 1 1 1 1 1 1 1 1 1 1 0 1 1 1 1 
32329 32 4632 1 1 0 1 0 0 0 1 1 1 1 0 0 1 0 1 0 0 1 0 0 1 1 1 0 0 0 0 0 0 1 1 
32330 32 7093 1 0 1 0 0 1 1 1 1 1 1 1 1 1 1 1 1 0 1 1 1 1 1 1 1 0 1 1 1 1 1 1 
32331 32 6202 0 1 0 1 0 0 0 0 1 1 1 1 0 1 1 1 1 1 0 1 1 1 1 1 1 0 0 0 1 0 1 0 
32332 32 7099 1 1 1 1 1 1 1 1 1 1 1 1 1 1 1 1 1 1 1 1 1 1 1 1 1 1 1 1 1 1 1 1 
32333 32 4723 1 1 1 0 1 0 0 1 1 1 0 1 1 0 1 0 0 0 0 0 0 0 0 1 0 1 1 1 0 0 0 0 
32334 32 3520 1 1 0 1 0 0 0 1 0 0 0 0 0 0 0 1 1 0 0 0 0 0 1 0 0 1 0 1 0 1 0 0 
32335 32 6736 0 1 1 1 1 0 1 1 1 1 0 1 1 1 1 1 1 1 0 0 0 1 1 1 1 1 1 1 1 0 0 1 
32336 32 5494 0 1 1 0 0 0 1 1 0 1 0 1 1 0 0 1 1 0 1 0 0 0 0 1 1 1 0 1 0 1 1 0 
32337 32 8465 1 1 1 1 1 1 1 1 1 1 1 1 1 1 1 1 1 1 1 1 1 1 1 1 1 1 1 1 1 1 1 1 
32338 32 6465 0 1 1 0 1 0 1 0 0 1 1 1 1 1 0 1 1 0 1 0 0 0 0 1 1 0 1 1 1 0 1 1 
32339 32 6904 0 1 1 0 1 1 1 0 0 1 1 1 1 1 1 1 1 0 1 1 0 0 1 1 0 1 1 1 1 1 1 0 
32340 32 5030 0 1 1 1 0 0 0 0 0 1 1 1 0 1 1 1 0 0 1 0 1 1 1 1 1 1 1 0 1 0 0 1 
32341 32 7496 1 1 1 1 1 0 1 1 1 1 1 0 1 1 1 0 1 1 1 1 1 0 1 0 1 1 1 1 1 1 1 1 
32342 32 7318 1 0 1 1 1 1 1 1 0 0 1 1 1 0 1 1 0 1 1 1 0 0 1 1 1 1 1 1 1 0 0 1 
32343 32 8177 1 1 1 1 1 1 1 0 1 1 1 0 1 1 1 1 1 0 1 1 0 1 1 0 1 1 1 1 1 1 1 1 
32344 32 7656 1 1 1 1 1 1 1 1 1 1 1 1 1 1 1 1 1 1 1 1 1 1 1 1 1 1 1 1 1 1 1 1 
32345 32 7711 1 1 1 1 1 1 1 1 1 1 1 1 1 1 1 1 1 1 1 0 1 1 1 1 1 1 1 0 1 1 1 0 
32346 32 8183 1 1 1 1 1 1 1 1 1 1 1 1 1 1 1 1 1 1 1 1 1 1 1 1 1 1 1 1 1 1 1 1 
32347 32 5953 0 0 1 0 0 1 1 0 1 1 0 1 1 0 0 1 0 0 0 1 1 0 0 1 0 1 1 1 0 0 1 1 
32348 32 6908 0 1 0 1 0 1 1 0 0 0 1 1 0 1 1 0 1 0 1 1 1 1 1 1 1 0 0 1 1 0 1 1 
32349 32 7947 1 0 1 1 0 0 1 1 0 1 1 0 1 1 1 1 1 0 1 1 1 0 1 1 1 1 1 0 0 1 1 1 
32350 32 7374 1 1 1 0 0 1 1 1 1 1 1 1 1 1 1 0 0 1 1 1 1 1 0 0 0 1 1 1 1 1 1 1 
32351 32 3643 0 0 0 0 0 0 0 0 0 0 0 1 0 0 0 1 0 0 1 1 1 0 1 0 1 1 1 0 0 0 1 1 
32352 32 8797 1 1 1 1 1 1 1 1 1 1 1 1 1 0 1 1 1 1 1 1 1 1 1 1 1 1 1 1 1 1 1 1 
32353 32 3453 1 1 1 0 1 0 0 0 1 0 1 0 1 0 0 0 0 0 0 1 0 1 0 1 1 0 0 0 1 0 0 0 
32354 32 6797 1 1 1 1 1 1 1 1 0 0 1 1 1 1 1 1 1 1 1 1 1 0 1 1 1 1 1 0 1 0 1 1 
32355 32 7702 1 0 1 1 0 1 1 1 1 1 0 0 1 1 0 1 0 1 1 0 0 1 1 1 1 1 1 1 0 0 1 0 
32356 32 5357 1 1 1 1 0 0 1 0 0 0 0 1 1 0 1 1 1 0 1 1 0 0 1 0 1 0 1 0 1 1 1 1 
32357 32 4557 0 1 0 0 1 0 0 0 1 0 1 0 1 0 1 1 1 0 0 0 1 0 1 0 1 1 1 0 1 0 1 0 
32358 32 5383 0 1 1 0 0 0 1 0 1 1 0 1 1 1 1 0 1 1 1 0 1 0 1 0 1 1 0 0 0 0 0 0 
32359 32 6733 1 1 1 1 0 0 1 1 1 1 1 1 1 0 0 1 1 1 0 1 1 0 1 0 1 1 0 0 1 1 0 0 
32360 32 7110 1 1 1 1 1 1 1 1 1 0 1 0 1 1 1 0 1 1 1 1 1 1 0 1 1 1 0 1 1 1 0 0 
32361 32 6683 1 1 0 0 1 1 1 0 0 1 1 0 1 1 0 1 1 0 0 0 1 1 1 1 1 0 1 0 0 1 1 1 
32362 32 6677 1 1 1 1 1 0 1 0 0 1 1 1 1 0 0 1 1 1 1 1 0 1 1 1 0 1 1 1 0 1 1 1 
32363 32 2451 1 1 1 0 0 0 0 0 0 0 0 1 0 0 0 1 0 1 0 0 1 0 0 0 0 0 0 0 1 0 0 0 
32364 32 8467 1 1 1 1 1 1 1 1 1 1 1 1 1 1 1 1 1 1 1 1 1 1 1 1 1 1 1 1 1 1 1 1 
32365 32 6774 1 0 1 1 0 1 1 0 1 1 1 0 0 1 1 1 0 0 1 1 0 0 1 1 0 0 1 0 1 1 1 1 
32366 32 9243 1 1 1 1 1 1 1 1 1 1 1 1 1 1 1 1 1 1 1 1 1 1 1 1 1 1 1 1 1 1 1 1 
32367 32 6628 1 1 0 0 0 0 1 1 1 0 1 0 0 1 0 1 1 0 1 1 1 0 1 1 1 0 1 1 1 1 1 0 
32368 32 7434 1 1 0 1 1 0 1 1 1 1 1 1 1 0 1 1 1 1 1 0 0 1 1 1 1 1 0 1 0 1 1 1 
32369 32 7928 0 1 0 1 0 1 1 1 1 0 1 1 1 1 1 1 1 1 1 0 1 1 0 1 1 0 0 1 1 1 1 1 
32370 32 6021 1 0 1 1 0 1 1 1 1 1 1 0 1 0 1 1 1 1 0 1 1 1 0 0 0 1 1 0 1 1 0 1 
32371 32 5196 0 0 0 0 1 1 1 1 0 1 1 0 1 1 0 1 1 1 1 0 1 0 1 0 1 1 0 1 0 0 1 0 
32372 32 6546 0 0 1 1 0 1 0 1 1 1 1 1 1 0 0 1 1 0 0 0 1 0 1 0 0 0 1 1 1 1 1 1 
32373 32 5468 0 1 1 0 0 1 1 1 0 1 0 1 0 0 1 1 1 0 1 1 0 0 0 0 0 1 1 1 0 1 0 0 
32374 32 7946 1 1 1 0 1 1 1 0 0 1 1 0 1 1 1 1 1 1 1 1 1 1 0 1 0 1 1 1 1 1 1 1 
32375 32 7331 1 0 1 1 1 1 1 1 0 1 1 1 1 0 0 1 1 1 1 0 1 1 1 0 1 0 1 1 0 1 1 0 
32376 32 7173 1 1 0 1 1 1 1 1 1 1 1 1 1 0 1 1 1 1 1 0 1 1 1 0 0 0 0 1 1 1 1 1 
32377 32 7645 1 1 1 1 0 1 1 1 1 1 1 1 1 1 1 1 1 1 1 1 1 1 1 1 0 1 1 1 1 1 1 1 
32378 32 3875 1 0 0 1 0 0 1 1 0 1 1 1 0 0 0 0 0 0 1 0 0 0 0 1 0 0 0 0 1 0 1 0 
32379 32 7629 1 1 1 1 1 1 1 1 1 1 1 1 0 1 1 1 1 1 1 1 1 1 1 1 1 1 1 1 1 1 1 1 
32380 32 1458 0 1 0 0 0 0 1 0 0 1 0 0 0 1 0 0 0 0 0 0 0 1 0 0 0 0 0 0 0 0 0 0 
32381 32 6505 0 1 0 1 1 1 1 1 1 1 0 1 0 1 1 1 1 1 1 1 0 1 0 1 1 1 0 0 0 1 1 1 
32382 32 2477 0 1 0 0 0 0 1 0 0 0 0 1 1 0 0 0 0 0 0 1 0 0 0 0 0 0 1 0 1 0 0 1 
32383 32 4089 1 0 1 0 0 1 0 0 1 0 0 0 0 1 0 0 0 0 1 0 0 1 0 1 1 1 1 0 1 0 1 0 
32384 32 7837 1 1 1 1 1 1 1 1 1 1 1 1 1 1 1 1 1 1 1 1 1 1 1 1 1 1 1 1 1 1 1 1 
32385 32 8282 0 0 1 1 1 0 0 1 1 1 1 0 1 1 1 1 1 0 1 1 1 1 1 0 1 1 1 1 0 1 1 1 
32386 32 6869 1 1 1 0 1 1 1 1 0 0 1 1 0 1 1 1 1 1 1 1 1 1 1 1 0 1 1 0 1 1 1 1 
32387 32 7678 1 1 1 1 0 1 1 0 1 1 1 0 1 1 1 0 1 1 1 1 1 1 1 1 1 1 0 1 1 1 1 1 
32388 32 3642 0 0 1 1 0 1 0 0 0 1 0 0 0 1 0 0 0 0 0 1 1 0 0 0 1 0 1 0 1 0 1 0 
32389 32 7879 1 1 1 1 1 1 1 1 1 1 1 1 1 1 1 1 1 1 1 1 1 1 1 1 1 1 1 1 1 1 1 1 
32390 32 8049 0 0 1 1 1 1 1 1 0 1 1 0 1 1 1 1 1 1 1 0 0 1 1 1 0 1 1 1 1 1 1 1 
32391 32 5561 1 1 1 1 1 1 0 1 0 0 1 1 0 0 1 0 0 0 0 0 0 1 0 1 1 1 1 0 0 1 0 1 
32392 32 6342 0 1 0 1 1 0 1 1 0 0 0 1 1 1 1 1 1 1 0 1 1 0 1 0 1 1 0 1 0 1 1 0 
32393 32 8894 1 1 1 1 1 1 1 1 1 1 1 1 1 1 1 1 1 1 1 0 1 1 1 0 1 1 1 1 1 1 1 1 
32394 32 7882 1 1 1 1 1 0 1 1 1 1 1 1 1 1 1 1 1 1 1 0 1 1 1 1 1 0 1 0 1 1 1 1 
32395 32 7395 1 1 1 1 1 0 0 1 1 1 1 0 1 0 0 1 1 1 1 1 1 1 1 1 0 0 1 1 0 1 1 1 
32396 32 7249 1 1 0 1 0 1 1 1 0 1 1 1 1 1 1 1 1 1 1 0 1 1 1 1 1 1 1 1 0 1 1 1 
32397 32 7586 0 1 1 0 1 1 1 0 1 1 0 1 0 1 1 1 1 1 1 0 1 1 0 0 1 1 1 1 1 1 1 0 
32398 32 4172 1 0 0 1 0 0 0 1 0 1 0 0 0 1 1 0 0 0 0 0 0 1 1 1 0 1 0 0 0 0 1 0 
32399 32 9413 1 1 1 1 1 1 1 1 1 1 1 1 0 1 1 1 1 1 1 1 1 1 1 1 1 1 1 1 1 1 1 1 
32400 32 6836 1 1 1 0 1 1 1 1 0 0 0 0 1 1 1 1 1 1 1 1 1 1 1 1 1 1 1 1 1 0 1 1 
32401 32 7692 1 1 1 1 1 1 0 0 0 1 1 0 1 0 1 1 1 1 0 1 0 1 0 1 1 1 0 0 1 0 1 1 
32402 32 8747 1 1 1 1 0 1 0 1 1 1 1 1 1 0 1 1 1 1 1 0 1 1 1 1 1 1 1 1 0 1 1 1 
32403 32 3226 0 1 0 1 0 0 1 0 0 0 0 0 0 1 0 0 0 1 1 1 1 0 0 0 0 1 1 1 0 0 0 0 
32404 32 7892 1 0 1 1 1 1 0 0 1 1 1 0 0 1 1 0 1 0 0 1 1 1 0 1 0 1 1 1 1 1 1 1 
32405 32 5269 0 0 0 1 0 1 0 0 1 1 1 1 0 0 0 1 0 0 0 0 1 0 0 0 1 1 1 1 1 1 1 1 
32406 32 4490 1 1 0 0 0 1 0 0 0 0 1 0 0 0 1 1 1 1 0 0 0 0 0 0 1 0 1 1 0 1 1 0 
32407 32 2792 0 0 0 0 0 0 0 0 0 0 0 1 0 1 1 1 1 0 1 0 0 0 0 0 0 0 1 0 0 1 0 0 
32408 32 3998 1 1 0 0 0 0 1 0 0 0 1 0 0 0 1 1 0 0 1 1 0 1 0 0 0 0 1 0 1 1 1 0 
32409 32 7312 1 0 0 1 1 1 1 0 1 1 1 1 1 1 0 1 1 1 1 1 1 1 0 1 1 0 1 1 1 1 1 1 
32410 32 7756 1 1 0 1 1 0 0 1 1 0 1 0 1 0 1 0 1 1 0 1 1 1 1 1 1 1 1 1 1 1 0 0 
32411 32 4436 1 1 0 1 1 1 1 0 0 0 1 0 1 0 0 0 0 0 0 0 0 1 1 0 1 1 1 0 0 1 1 1 
32412 32 6494 1 1 1 1 0 1 0 0 0 0 0 1 1 1 1 1 1 1 1 1 1 1 0 1 1 1 1 0 0 1 0 0 
32413 32 4678 1 0 0 1 1 0 0 0 1 0 0 1 1 0 1 1 0 0 0 0 0 1 0 1 0 1 0 0 1 1 0 0 
32414 32 3982 1 1 1 0 0 0 1 0 0 1 0 0 0 1 0 0 1 0 0 1 1 1 0 1 0 1 0 0 0 1 0 0 
32415 32 6236 0 0 0 1 0 0 1 1 0 0 0 0 1 1 1 1 1 0 0 0 0 1 1 1 1 1 1 1 0 0 1 1 
32416 32 6140 1 1 0 1 1 0 0 1 1 1 0 1 1 0 0 1 1 1 0 1 1 1 1 0 1 0 0 1 1 1 1 1 
32417 32 7413 1 1 1 1 1 1 1 1 1 1 1 1 1 1 1 1 1 1 1 1 1 1 1 1 1 1 1 1 1 1 1 1 
32418 32 6938 1 1 1 0 1 0 0 1 0 1 1 1 0 1 1 0 1 1 1 1 1 0 0 1 0 1 0 0 1 1 1 1 
32419 32 6933 1 1 1 0 1 0 1 0 1 1 1 1 1 1 0 0 1 1 1 1 0 1 1 1 1 1 0 1 1 0 1 0 
32420 32 8213 1 1 1 1 1 1 1 1 1 1 1 1 1 1 1 1 1 0 0 1 1 1 1 1 1 1 1 1 1 1 1 1 
32421 32 5095 0 0 0 1 1 1 0 0 0 1 1 0 1 0 0 1 0 0 0 1 1 1 0 1 0 0 0 0 0 1 1 0 
32422 32 7670 1 1 1 1 0 0 1 1 1 1 1 1 1 1 1 0 1 1 1 1 1 1 1 1 1 0 1 1 1 0 1 1 
32423 32 6183 1 0 1 1 0 1 0 0 1 1 1 1 1 1 1 0 0 1 1 1 1 1 0 1 0 1 1 0 1 1 0 0 
32424 32 5431 0 1 0 1 0 1 0 1 1 1 0 0 0 1 0 1 1 0 0 0 0 0 1 0 1 1 0 1 1 0 0 1 
32425 32 6090 1 0 0 1 0 1 1 1 1 1 0 1 1 1 1 0 0 0 1 0 0 0 0 1 1 1 1 0 1 0 1 1 
32426 32 9209 1 1 1 1 1 1 1 1 1 1 1 1 1 1 1 1 1 1 1 1 1 1 1 1 1 1 1 1 1 1 1 1 
32427 32 8949 1 1 1 1 1 1 1 1 0 1 0 1 1 1 1 1 1 1 1 1 0 1 1 1 1 1 1 1 1 1 1 1 
32428 32 5036 1 0 0 1 1 0 0 0 1 1 1 0 0 1 1 0 0 1 0 0 1 0 0 1 0 1 1 1 0 0 1 0 
32429 32 2505 0 0 0 0 1 0 0 0 1 1 0 0 0 0 0 0 0 0 1 0 1 1 0 0 1 0 0 0 0 0 0 0 
32430 32 5326 0 1 0 1 1 1 1 1 0 1 0 0 0 1 1 1 1 1 0 1 0 1 0 0 1 0 0 0 1 0 0 0 
32431 32 6185 0 0 1 1 1 1 1 1 1 0 1 0 0 1 1 1 0 1 1 1 0 1 0 0 0 1 0 0 1 1 1 1 
32432 32 6997 1 0 0 1 0 1 1 1 1 1 1 1 1 1 1 1 1 0 1 1 1 1 0 1 1 0 1 0 1 1 0 1 
32433 32 2689 0 0 0 1 1 1 1 1 0 0 0 0 0 0 0 0 0 1 1 0 0 1 1 0 0 0 0 0 0 0 0 0 
32434 32 4006 0 0 0 1 1 0 0 0 0 0 0 0 1 0 1 0 1 1 1 0 0 0 1 1 0 1 0 0 0 0 0 1 
32435 32 8296 1 1 1 1 1 0 1 1 1 1 0 0 1 1 1 1 1 1 1 1 0 1 0 1 1 1 1 1 1 1 1 1 
32436 32 7469 1 1 1 1 1 1 1 1 1 1 1 1 1 1 1 1 1 1 1 1 1 1 1 1 1 1 1 1 1 1 0 1 
32437 32 7647 0 0 1 1 1 1 1 0 1 0 1 1 1 1 1 1 0 0 0 1 1 1 1 1 0 1 1 1 1 1 1 0 
32438 32 6927 1 1 1 1 1 1 1 1 1 1 1 1 1 1 1 1 1 1 1 1 1 0 1 1 1 1 1 1 1 1 1 1 
32439 32 7095 1 0 1 0 1 1 1 1 1 1 1 1 1 1 0 1 1 1 1 1 1 1 1 1 1 1 1 1 1 0 1 1 
32440 32 6166 0 0 1 1 0 1 1 1 1 1 1 1 0 1 1 1 1 1 1 0 0 0 0 0 0 1 0 1 1 0 1 1 
32441 32 4120 0 0 1 0 0 1 1 1 0 1 0 0 0 1 0 1 1 1 1 0 0 0 0 0 0 0 1 1 0 1 0 0 
32442 32 5395 1 1 1 1 0 0 1 0 0 1 1 0 0 1 0 1 0 1 1 0 1 1 1 1 1 1 0 0 0 1 0 0 
32443 32 7885 1 1 1 1 1 1 1 1 1 1 1 1 1 1 1 1 1 1 1 1 1 1 1 1 1 1 1 1 1 1 1 1 
32444 32 6543 1 0 1 1 0 1 1 1 1 1 0 1 1 0 1 1 1 1 1 1 1 1 1 1 0 1 0 1 1 0 1 1 
32445 32 2446 1 0 0 1 0 1 0 0 0 0 1 0 0 0 0 0 0 0 0 0 0 0 0 0 0 0 0 1 1 1 0 0 
32446 32 7287 1 1 1 1 1 1 1 0 1 1 1 1 1 1 1 0 1 1 0 1 1 1 0 1 1 1 0 1 0 1 1 1 
32447 32 3807 0 1 0 0 1 0 0 0 0 0 1 1 0 0 1 0 1 1 1 0 0 1 1 1 1 0 1 0 0 0 0 0 
32448 32 7068 0 1 0 1 1 0 1 0 1 1 0 1 1 1 1 1 1 0 1 1 1 0 1 1 1 0 0 0 1 1 1 1 
32449 32 5298 1 1 0 0 1 1 1 0 1 1 1 0 0 1 1 0 0 1 0 1 0 1 1 1 0 0 0 1 1 0 0 1 
32450 32 1832 0 0 0 1 1 0 0 0 0 0 0 0 0 0 0 0 0 0 0 0 0 1 1 0 0 0 0 0 1 0 0 0 
32451 32 3122 0 1 0 0 0 0 0 0 0 0 0 0 0 1 0 0 0 0 1 1 1 0 0 1 0 0 1 0 1 1 0 0 
32452 32 8919 0 1 1 1 1 1 1 1 1 1 1 1 1 1 1 1 1 1 1 1 1 1 1 1 0 1 1 1 0 1 0 1 
32453 32 1766 0 0 0 1 0 0 1 0 1 1 0 0 0 0 0 0 0 0 0 0 0 0 0 0 0 0 1 0 0 0 0 0 
32454 32 5582 0 0 0 0 0 0 0 1 1 1 1 1 0 1 1 1 0 0 1 1 0 1 1 1 1 0 0 1 0 0 0 0 
32455 32 6081 1 1 1 0 1 1 0 0 1 0 0 1 0 0 1 1 1 0 0 0 1 0 0 1 0 0 1 1 1 1 1 0 
32456 32 5939 1 1 1 0 0 1 0 1 0 1 1 0 1 1 1 1 1 1 0 1 1 1 0 0 1 1 0 1 0 1 1 0 
32457 32 4133 0 0 1 0 0 0 1 1 1 0 0 0 0 0 0 0 1 1 1 1 0 0 0 1 1 0 0 1 0 1 0 1 
32458 32 5801 1 0 1 1 1 0 0 1 1 0 1 1 0 0 1 0 0 1 1 0 1 1 0 0 0 0 0 1 0 1 1 1 
32459 32 6561 1 1 1 1 1 1 1 1 1 1 1 1 1 0 1 1 1 1 0 1 0 1 1 1 1 1 1 1 1 1 1 1 
32460 32 6545 1 1 0 1 1 0 1 1 1 0 1 0 1 0 1 0 1 0 1 1 1 0 1 1 1 0 1 1 0 0 0 1 
32461 32 9078 1 1 1 1 1 1 1 1 0 1 0 1 1 1 1 1 1 1 1 1 1 1 1 0 1 0 1 1 1 1 1 1 
32462 32 4185 0 0 1 1 0 1 0 0 0 0 1 0 1 0 1 0 1 0 0 0 0 1 0 1 0 0 1 0 1 0 1 0 
32463 32 8024 1 1 1 1 1 1 1 1 1 1 1 1 1 1 1 1 1 1 1 0 1 1 1 0 1 1 1 1 1 1 1 1 
32464 32 3406 1 1 1 0 1 0 0 1 0 0 0 1 0 1 0 0 0 1 0 0 1 0 0 0 0 0 0 0 0 0 0 1 
32465 32 1129 0 0 0 0 0 0 0 0 0 0 0 0 0 0 0 0 0 1 0 0 1 0 0 0 0 1 0 0 0 0 0 0 
32466 32 6369 1 1 1 1 1 1 1 0 1 1 1 1 1 1 1 1 0 1 1 1 1 1 1 1 1 1 0 1 0 1 0 0 
32467 32 2909 1 0 0 0 0 0 0 0 1 1 1 0 1 0 1 0 0 0 0 0 0 1 1 0 1 0 0 1 1 0 0 1 
32468 32 7799 1 0 1 1 1 1 1 1 1 1 1 1 1 1 1 1 1 1 1 1 1 1 1 1 1 1 1 0 1 1 1 1 
32469 32 8554 1 0 1 1 1 1 1 1 0 1 1 1 0 1 1 1 1 1 1 1 0 1 1 1 1 1 0 1 1 1 1 1 
32470 32 7150 1 1 0 1 0 1 0 1 0 1 0 1 1 1 1 1 1 0 1 1 1 1 0 0 1 0 1 1 1 0 1 1 
32471 32 7432 1 1 1 0 1 0 1 0 1 1 1 1 0 0 1 1 0 0 1 0 1 0 1 1 1 1 0 0 1 1 1 1 
32472 32 8070 1 1 1 1 1 1 1 1 1 1 1 1 1 1 1 1 1 1 1 1 1 1 1 1 1 1 1 1 1 1 1 1 
32473 32 6472 0 1 1 0 0 1 1 1 0 1 0 1 1 1 0 1 0 0 1 1 1 0 0 1 1 1 1 1 1 0 1 0 
32474 32 4479 0 0 1 0 0 1 0 0 0 1 0 1 0 1 1 0 0 0 1 0 0 1 1 1 1 1 1 1 0 0 1 0 
32475 32 8196 1 1 1 1 0 1 1 1 1 1 1 1 1 0 1 1 1 1 1 1 0 1 1 1 1 1 1 1 1 0 1 1 
32476 32 6433 1 1 1 0 0 1 1 0 1 0 0 1 1 0 1 1 1 1 1 0 1 1 1 0 0 1 0 1 1 1 1 1 
32477 32 6607 1 1 1 1 1 1 1 1 1 1 1 1 1 1 1 1 1 1 0 1 1 1 1 1 1 1 1 1 1 1 1 1 
32478 32 7642 1 1 1 1 0 1 1 1 1 1 1 0 1 1 1 1 1 1 1 1 1 1 1 1 1 1 1 1 1 0 0 1 
32479 32 3301 0 0 1 0 1 0 1 1 0 0 1 1 0 0 0 0 0 0 1 1 0 0 0 0 0 0 1 1 0 0 1 1 
32480 32 6675 1 1 1 1 1 0 0 0 0 0 0 1 0 1 0 1 1 0 0 1 1 1 0 1 1 1 0 0 1 0 1 1 
32481 32 3807 0 0 0 1 1 0 0 1 1 0 0 0 0 1 1 0 1 0 0 0 1 1 0 0 0 0 1 0 0 1 0 1 
32482 32 6908 1 1 1 1 1 1 1 0 0 0 1 1 1 0 1 1 1 1 1 1 0 1 1 0 1 1 0 0 0 0 1 1 
32483 32 5552 1 0 0 1 0 1 1 1 1 1 1 1 1 1 1 1 1 1 1 1 0 1 1 0 1 0 0 1 1 0 0 0 
32484 32 6440 1 0 1 1 0 1 1 1 1 1 1 1 0 1 1 0 0 0 0 0 1 1 1 1 1 1 1 1 1 1 1 1 
32485 32 5349 0 0 1 0 1 0 1 0 1 0 0 0 1 1 1 0 0 0 0 0 0 1 0 1 1 1 1 1 1 1 1 0 
32486 32 2922 0 0 0 1 0 0 0 0 0 0 1 1 1 0 1 0 1 0 0 0 0 0 0 0 0 0 0 1 0 0 0 1 
32487 32 7170 1 0 1 1 1 1 0 0 1 1 1 1 1 1 1 1 1 1 1 1 0 1 1 0 1 1 1 1 0 1 1 1 
32488 32 7097 1 1 1 1 1 1 0 1 1 1 1 1 1 0 1 0 1 1 1 0 1 1 1 1 0 1 1 1 1 1 1 1 
32489 32 5617 1 1 0 0 0 1 1 1 0 1 1 0 0 1 1 1 0 0 1 0 0 0 0 0 1 0 0 0 1 0 1 0 
32490 32 3273 0 0 0 1 0 1 0 1 1 1 0 0 0 0 0 0 0 1 0 0 0 0 1 0 0 0 1 0 0 0 0 1 
32491 32 4805 1 0 1 1 1 0 0 1 0 0 1 1 1 0 1 1 0 0 1 1 1 0 0 0 0 0 0 0 0 1 0 0 
32492 32 5221 1 1 0 1 1 0 0 0 0 1 0 1 0 0 1 0 0 0 0 0 0 1 1 0 0 1 0 1 1 1 0 1 
32493 32 8318 1 1 1 1 1 1 0 1 1 1 1 1 1 1 1 1 1 1 1 1 1 1 1 1 0 1 1 0 0 1 1 1 
32494 32 5243 0 0 0 0 0 0 1 0 0 0 1 1 1 1 1 1 1 0 1 1 1 0 1 0 0 0 1 0 1 1 0 0 
32495 32 5556 1 0 1 0 1 1 1 0 0 1 1 1 1 1 1 0 1 0 1 0 0 0 1 1 0 0 1 1 1 1 1 0 
32496 32 6461 1 0 1 0 1 0 1 1 1 1 1 1 1 1 1 1 1 1 1 1 0 1 1 1 1 1 1 1 1 1 1 1 
32497 32 4210 1 1 0 1 0 0 1 0 0 1 0 0 0 1 0 0 1 0 1 0 0 0 1 0 0 0 0 1 0 1 1 1 
32498 32 4495 1 0 0 1 1 0 0 1 0 0 0 1 0 0 1 0 0 1 0 1 1 1 0 0 1 1 1 0 0 1 1 0 
32499 32 1310 0 1 0 1 0 0 1 0 1 0 0 0 0 0 0 0 0 0 0 0 0 0 0 0 0 0 0 0 0 0 0 0 
32500 32 6836 1 0 0 1 1 0 1 0 0 1 1 1 1 0 1 0 1 1 0 0 1 0 1 1 1 1 1 0 1 1 1 0 
