20001 20 1478 0 0 0 0 1 1 0 0 0 0 0 0 1 1 0 0 0 1 0 0 
20002 20 5181 1 1 1 1 1 1 1 1 1 1 1 1 1 1 1 1 1 1 1 1 
20003 20 1992 0 0 1 0 0 0 0 1 1 0 0 0 1 0 1 0 0 0 0 0 
20004 20 4539 1 0 0 1 1 1 1 1 1 1 1 1 0 1 0 1 1 0 1 1 
20005 20 4649 0 0 0 1 1 1 1 1 0 1 1 1 0 1 1 1 1 1 1 1 
20006 20 2422 0 1 0 1 1 0 1 0 1 1 0 0 1 1 0 0 1 0 0 0 
20007 20 5441 1 1 1 1 1 1 1 1 1 1 1 1 1 1 1 1 1 1 1 0 
20008 20 4764 1 1 1 1 1 1 1 1 0 0 1 0 1 1 0 0 1 1 0 1 
20009 20 3471 0 1 0 1 0 0 1 1 1 1 1 0 1 0 1 0 0 0 0 1 
20010 20 1346 0 0 1 0 0 0 0 0 0 1 0 0 0 0 0 0 0 0 1 1 
20011 20 3572 1 1 0 1 1 1 1 0 1 1 1 1 1 1 1 1 1 1 1 1 
20012 20 1390 0 0 0 0 0 0 1 0 1 1 0 0 0 0 0 1 0 0 0 0 
20013 20 5091 1 1 1 1 1 0 0 1 1 1 1 1 1 1 1 1 0 1 1 1 
20014 20 4855 0 1 1 1 1 1 1 1 1 0 1 1 1 1 1 0 1 0 1 0 
20015 20 2417 1 1 0 1 1 0 1 0 1 0 0 0 1 0 0 1 0 0 1 1 
20016 20 5085 1 0 1 1 0 1 1 1 1 1 1 1 0 1 0 1 1 1 1 0 
20017 20 4207 0 1 1 1 1 1 1 1 1 1 1 0 0 1 1 1 0 1 1 1 
20018 20 4331 1 1 1 1 0 1 0 1 1 1 1 0 1 0 1 1 0 1 1 0 
20019 20 4912 1 1 1 1 1 1 1 1 1 1 1 1 1 1 1 1 1 1 1 1 
20020 20 4503 0 1 1 1 1 1 0 1 1 0 1 1 1 1 1 1 1 1 1 0 
20021 20 3719 1 0 1 0 0 1 1 1 1 0 1 0 0 1 1 1 0 0 1 1 
20022 20 1037 0 0 0 1 1 0 0 0 0 0 0 0 0 0 0 0 1 0 0 0 
20023 20 3240 0 1 0 1 0 0 1 0 1 0 1 0 0 0 1 0 1 0 1 0 
20024 20 3050 1 0 1 1 0 1 0 1 0 0 1 0 0 0 0 1 1 1 1 0 
20025 20 3052 0 1 1 0 1 0 0 1 1 1 0 0 1 0 1 0 0 1 1 0 
20026 20 5212 1 1 1 1 1 1 1 1 1 1 1 1 1 1 1 1 1 1 1 1 
20027 20 5625 1 0 1 1 1 1 1 1 1 1 1 1 1 1 1 1 1 1 1 1 
20028 20 4314 1 1 1 1 1 1 1 1 1 1 1 1 1 1 1 1 1 1 1 1 
20029 20 6006 1 1 1 1 0 1 1 1 1 1 1 1 1 1 1 1 1 1 1 1 
20030 20 4116 0 0 1 0 0 1 0 1 0 0 1 1 1 0 1 1 1 1 1 1 
20031 20 2045 1 0 1 1 0 1 0 0 1 1 0 1 0 0 0 0 0 1 0 0 
20032 20 3100 1 0 0 1 1 1 0 1 0 0 0 0 1 0 1 1 0 0 1 1 
20033 20 3763 0 1 1 1 1 0 1 0 0 1 1 1 1 0 1 1 0 0 1 1 
20034 20 4721 0 1 1 1 0 1 1 0 1 1 1 1 0 1 1 1 1 1 1 0 
20035 20 4886 1 1 1 1 1 1 1 1 1 1 1 1 1 1 1 1 1 1 1 1 
20036 20 3094 1 1 0 1 0 1 1 1 1 1 1 1 1 0 1 1 1 1 1 1 
20037 20 4384 0 1 1 0 1 1 1 0 0 0 1 0 0 1 0 1 1 1 1 1 
20038 20 3902 1 1 1 1 1 1 1 1 1 1 1 0 1 1 1 1 1 1 0 1 
20039 20 3120 1 1 1 1 1 1 1 1 1 1 1 1 1 1 1 1 1 1 1 1 
20040 20 5402 1 1 1 1 1 1 1 1 1 1 1 1 1 1 1 1 0 1 1 1 
20041 20 3778 1 0 0 1 0 0 1 0 1 0 0 1 0 0 1 1 1 0 1 1 
20042 20 4333 1 1 1 0 1 0 0 0 1 1 1 0 1 1 1 0 1 1 1 1 
20043 20 4214 0 1 0 0 1 1 1 1 0 1 1 1 1 1 1 0 1 0 0 0 
20044 20 4026 1 1 1 0 1 0 1 1 1 1 1 1 0 1 1 1 1 1 1 1 
20045 20 4884 0 1 0 1 1 0 1 1 1 1 1 1 1 0 0 1 1 1 1 0 
20046 20 4302 1 1 0 0 1 1 1 1 1 1 1 1 1 0 1 1 1 1 1 1 
20047 20 4094 1 1 1 1 0 1 1 1 1 0 1 1 1 1 1 1 0 1 1 1 
20048 20 3783 0 1 1 0 0 1 0 1 1 1 1 1 0 1 1 0 1 1 1 1 
20049 20 3688 0 1 0 0 0 1 1 0 1 0 1 1 0 1 1 0 0 1 1 1 
20050 20 1872 0 0 0 0 1 1 0 0 1 0 1 1 1 0 1 0 1 0 0 0 
20051 20 4207 1 1 1 1 1 1 1 1 1 1 1 1 1 1 0 1 1 1 1 1 
20052 20 2278 0 1 0 0 1 0 0 1 0 0 0 1 1 1 0 1 1 0 0 1 
20053 20 4847 1 1 1 1 1 1 1 1 1 1 1 1 1 0 1 1 1 0 1 1 
20054 20 3680 0 1 0 1 1 1 1 1 0 0 1 1 1 1 0 0 1 1 1 0 
20055 20 3722 1 0 0 1 0 0 1 1 0 1 1 1 1 0 0 1 0 0 0 0 
20056 20 4585 1 0 1 1 1 1 1 1 1 1 0 1 0 1 1 0 1 1 1 1 
20057 20 4520 1 1 1 0 1 1 1 1 1 1 1 0 1 1 0 1 1 0 0 1 
20058 20 3835 1 1 1 0 1 1 0 0 1 0 1 1 1 1 0 0 0 0 1 0 
20059 20 3584 1 1 1 1 1 1 0 1 1 0 1 1 1 1 0 1 1 1 1 1 
20060 20 3664 0 0 1 1 0 1 1 0 0 1 1 1 0 0 1 0 0 0 1 1 
20061 20 4568 1 1 1 1 1 1 1 1 0 1 1 1 1 0 1 1 1 1 1 1 
20062 20 2415 0 0 0 1 1 1 0 1 0 1 1 0 0 0 0 0 0 1 0 0 
20063 20 5383 1 1 1 1 1 0 1 1 1 1 1 1 1 1 1 1 1 1 1 1 
20064 20 1909 1 1 1 0 1 0 0 0 0 0 0 1 0 0 1 0 0 0 0 0 
20065 20 5643 1 0 1 1 1 1 1 1 1 1 1 1 1 1 1 1 1 1 1 1 
20066 20 3581 0 1 1 0 1 0 1 1 1 0 1 1 0 0 1 1 1 0 1 1 
20067 20 1434 0 0 1 0 0 0 0 0 0 0 1 0 0 0 0 1 0 0 0 1 
20068 20 2914 0 0 0 0 0 1 1 1 0 0 1 0 1 0 0 1 1 0 1 0 
20069 20 3558 0 0 1 1 0 0 1 1 0 1 0 0 1 1 1 0 1 1 1 1 
20070 20 4484 1 1 1 1 0 1 1 1 1 1 1 1 1 1 1 1 1 1 1 1 
20071 20 3792 1 1 1 1 0 0 1 1 0 0 0 1 0 0 1 0 1 1 0 1 
20072 20 4109 1 1 0 0 0 1 1 1 1 1 1 1 1 1 1 1 1 1 1 1 
20073 20 4581 1 0 0 1 1 1 1 0 1 1 1 1 1 1 1 1 0 1 0 1 
20074 20 4176 0 1 1 1 1 1 1 0 1 1 1 0 1 1 0 1 1 1 1 1 
20075 20 4104 1 1 0 1 1 1 1 1 1 1 1 1 1 0 1 1 0 0 1 0 
20076 20 4085 1 1 1 0 1 1 0 0 1 1 0 1 1 0 1 1 0 0 1 1 
20077 20 3718 0 0 1 0 1 1 1 0 0 0 1 1 1 1 0 0 1 1 1 1 
20078 20 6023 1 1 1 1 1 1 1 1 1 1 1 1 1 0 1 1 1 1 1 1 
20079 20 4735 1 1 1 1 1 1 1 1 0 1 1 1 1 1 1 0 1 1 1 1 
20080 20 2634 1 1 1 0 0 0 0 0 1 1 1 0 0 1 1 0 0 1 0 0 
20081 20 3859 1 0 1 1 1 1 0 1 0 1 1 1 1 0 1 1 0 1 0 0 
20082 20 2007 0 1 0 1 0 0 0 0 0 0 0 0 1 1 0 0 1 0 1 0 
20083 20 3684 1 0 1 1 1 1 0 1 1 1 1 1 1 1 0 0 1 1 0 0 
20084 20 5791 1 1 1 1 0 1 1 1 1 1 1 1 1 1 1 1 1 1 1 1 
20085 20 2938 0 1 1 1 0 1 0 0 1 1 0 1 1 1 0 1 0 0 0 0 
20086 20 5204 1 1 1 1 1 1 1 1 0 1 1 1 1 1 1 1 1 0 1 1 
20087 20 4078 1 1 1 1 1 1 0 1 1 1 1 1 1 1 0 1 1 0 1 1 
20088 20 1368 1 0 0 0 0 1 0 0 0 1 0 0 0 0 0 0 1 1 0 0 
20089 20 4001 1 0 1 1 1 0 0 1 1 1 1 1 1 1 1 0 1 1 0 1 
20090 20 3865 1 0 1 0 1 0 1 1 1 0 0 0 1 1 0 1 0 0 1 1 
20091 20 1081 0 0 0 1 0 0 0 0 0 0 0 0 0 0 0 0 0 1 1 0 
20092 20 3785 1 1 1 1 1 1 1 1 1 1 1 1 0 1 1 1 1 1 1 0 
20093 20 4701 0 1 1 0 1 1 1 0 1 1 1 1 1 0 0 1 0 1 1 1 
20094 20 4669 1 0 1 1 1 0 1 1 1 1 1 0 1 1 1 1 1 1 0 1 
20095 20 3395 1 1 0 1 1 1 1 0 1 1 1 1 1 1 1 1 1 0 1 1 
20096 20 3984 1 0 1 1 1 1 1 1 0 1 1 1 0 1 1 1 1 1 0 0 
20097 20 2584 1 0 1 0 0 0 0 0 0 0 0 1 1 0 1 0 0 1 0 1 
20098 20 3087 0 0 1 1 1 0 0 1 0 0 0 0 1 0 0 1 1 1 0 1 
20099 20 3316 1 1 0 0 0 0 0 1 0 1 1 0 0 1 1 0 1 0 1 1 
20100 20 3562 1 1 1 0 1 1 1 1 1 1 1 1 1 0 1 1 0 0 1 0 
20101 20 4210 1 1 1 1 1 1 1 1 1 1 1 1 1 1 1 1 1 1 1 1 
20102 20 5078 1 1 0 1 1 1 1 0 1 1 1 1 0 1 1 1 1 0 1 1 
20103 20 4783 1 1 0 1 1 1 1 1 1 1 1 1 1 1 1 1 1 1 1 0 
20104 20 3186 0 1 1 0 0 1 1 0 1 1 0 1 0 0 1 0 0 0 1 1 
20105 20 1119 0 0 0 0 0 1 0 0 0 0 0 1 0 1 0 1 1 0 0 0 
20106 20 1461 0 0 0 0 0 0 0 1 0 0 0 1 1 0 0 1 0 0 1 1 
20107 20 1541 0 0 0 0 0 0 0 1 0 1 1 0 1 0 0 1 0 0 0 0 
20108 20 3661 1 1 0 0 0 0 1 1 0 0 0 0 1 0 0 1 1 1 1 1 
20109 20 4592 1 1 1 1 1 0 1 1 1 0 1 1 1 1 1 1 1 1 1 1 
20110 20 2538 0 0 0 1 0 1 0 0 1 0 0 1 1 1 0 1 1 1 1 0 
20111 20 4773 1 1 1 1 1 1 1 1 1 1 1 1 0 1 1 1 1 1 1 1 
20112 20 4817 1 1 1 1 1 1 1 1 1 1 1 1 1 1 1 0 1 1 1 1 
20113 20 2339 0 0 1 1 0 1 0 0 0 0 0 1 1 1 0 0 0 0 0 0 
20114 20 4374 1 0 0 1 0 1 1 1 0 1 0 1 1 0 1 1 0 0 1 1 
20115 20 4462 0 1 1 0 1 1 1 1 0 1 1 1 1 1 0 0 0 1 0 1 
20116 20 3635 1 1 1 1 1 1 1 0 0 0 0 1 0 1 1 1 1 0 0 0 
20117 20 2978 1 1 0 0 0 0 1 1 0 0 1 0 1 1 1 1 0 1 0 1 
20118 20 2241 0 1 1 0 0 1 0 0 1 0 1 1 1 0 0 0 0 1 0 1 
20119 20 5710 1 0 1 1 1 1 1 1 0 1 1 1 1 1 1 1 1 1 1 1 
20120 20 2316 0 0 0 1 0 0 0 0 0 1 1 0 0 0 1 1 1 0 1 0 
20121 20 4704 1 0 1 1 1 1 1 1 1 0 1 1 1 1 1 0 1 0 1 0 
20122 20 4703 0 1 0 1 1 1 1 1 1 1 1 0 1 1 1 1 1 1 0 1 
20123 20 4059 0 1 1 1 0 1 0 0 1 1 1 1 1 0 1 1 1 0 1 0 
20124 20 1322 0 1 0 0 0 0 1 0 0 1 0 0 0 1 0 0 0 0 1 0 
20125 20 4772 1 1 1 1 1 1 0 1 1 0 1 1 1 1 1 1 1 1 1 0 
20126 20 4416 0 1 1 1 1 0 1 0 1 0 1 0 1 1 1 1 1 1 1 1 
20127 20 4143 1 1 1 0 1 1 1 1 1 0 1 1 1 1 1 1 0 1 1 0 
20128 20 4045 1 0 1 1 1 0 1 1 1 0 0 0 0 0 1 0 1 1 1 1 
20129 20 2849 0 1 0 1 0 0 1 1 0 1 0 0 0 1 0 1 0 0 1 0 
20130 20 6070 1 1 1 1 1 1 1 1 1 1 1 1 1 1 1 1 1 1 1 1 
20131 20 2897 1 0 1 1 0 0 1 1 1 0 1 0 0 1 0 1 0 0 0 0 
20132 20 4289 0 1 1 1 1 1 1 1 1 1 0 0 0 1 0 1 1 1 1 0 
20133 20 5137 1 1 1 1 0 1 1 1 1 1 1 1 1 1 0 1 1 1 1 0 
20134 20 2672 1 0 0 0 1 0 0 0 0 0 0 1 1 1 0 1 1 1 1 0 
20135 20 1445 0 1 1 0 0 1 1 1 0 0 0 0 0 0 0 0 0 0 1 0 
20136 20 2231 0 1 0 0 0 1 1 0 0 1 1 0 0 0 0 0 1 0 1 0 
20137 20 4816 0 0 1 1 1 1 1 1 1 1 1 1 1 1 1 1 1 1 1 1 
20138 20 5117 1 1 0 1 1 1 0 1 0 1 0 1 1 1 1 1 1 1 1 0 
20139 20 3952 1 0 1 1 1 1 1 1 1 1 1 1 1 1 1 0 0 1 1 1 
20140 20 2207 0 1 0 1 0 0 0 1 1 0 0 0 1 0 0 0 1 1 0 1 
20141 20 1847 0 0 1 0 1 0 0 0 0 0 0 0 0 0 1 0 0 1 0 1 
20142 20 5202 1 1 1 1 1 1 1 1 1 1 1 1 1 1 1 1 1 1 1 1 
20143 20 2499 0 0 1 0 1 0 1 1 1 0 1 0 0 0 0 1 0 0 0 1 
20144 20 5636 1 1 1 1 1 1 1 1 1 1 1 1 1 1 1 1 1 1 1 1 
20145 20 4911 1 1 1 1 1 1 1 1 1 1 1 0 1 0 1 1 1 1 0 1 
20146 20 1996 0 0 0 0 1 0 1 0 0 0 1 0 1 0 0 1 0 0 0 1 
20147 20 3445 0 1 1 0 0 1 1 1 1 0 1 0 0 1 1 0 1 0 0 1 
20148 20 3034 1 0 0 0 1 1 0 1 1 0 0 1 0 0 0 1 1 0 1 0 
20149 20 2892 0 1 0 0 0 0 1 0 1 0 1 0 0 1 0 0 1 1 0 1 
20150 20 4372 1 1 1 1 1 1 1 1 1 1 1 1 1 1 1 1 1 1 1 1 
20151 20 4924 1 1 1 1 1 1 1 1 1 1 1 1 1 1 1 1 1 1 1 1 
20152 20 5146 0 1 0 0 1 1 1 1 1 1 1 1 1 1 0 1 0 1 1 1 
20153 20 3828 0 1 0 0 0 0 0 1 0 0 1 1 1 1 1 1 1 1 1 0 
20154 20 4982 1 1 1 1 1 1 1 0 1 1 1 1 1 1 1 1 1 1 1 1 
20155 20 2216 0 0 0 0 1 0 0 0 1 1 0 0 0 1 1 0 0 0 1 0 
20156 20 3063 0 0 0 1 1 1 1 0 1 0 1 1 0 1 0 0 0 0 0 1 
20157 20 2450 1 0 1 0 0 0 0 1 1 0 0 0 0 1 1 0 1 0 0 1 
20158 20 4420 1 0 1 1 0 1 0 1 1 1 1 1 0 1 1 1 1 1 0 0 
20159 20 4719 1 1 1 1 1 0 1 1 0 1 1 1 1 1 1 1 1 1 1 1 
20160 20 2522 0 1 1 1 0 0 0 0 0 0 0 0 0 0 1 1 1 0 0 1 
20161 20 3798 1 0 1 1 0 0 0 1 1 0 1 0 1 1 1 0 0 0 1 1 
20162 20 1617 1 0 0 0 1 0 0 0 1 0 0 0 0 0 1 0 0 0 1 0 
20163 20 3132 1 0 0 0 1 1 0 0 1 1 1 1 1 0 1 0 1 0 0 0 
20164 20 4156 1 1 0 1 0 0 0 1 1 1 1 1 1 0 0 1 0 1 1 1 
20165 20 1633 1 0 0 1 0 1 0 0 0 0 0 0 0 1 0 0 1 0 0 0 
20166 20 3603 1 1 1 0 1 0 1 0 0 1 1 1 0 1 1 0 0 0 0 0 
20167 20 3785 1 0 1 0 0 0 1 0 0 1 0 0 1 1 1 1 1 0 0 1 
20168 20 3321 0 1 1 0 0 1 1 1 0 0 1 0 1 0 1 0 0 0 1 1 
20169 20 3832 1 0 1 0 0 1 1 0 1 1 1 0 0 1 1 0 1 1 1 0 
20170 20 1279 0 0 0 0 0 1 0 0 1 1 1 0 0 0 0 0 0 0 0 0 
20171 20 1318 1 1 1 1 1 0 0 0 0 0 0 0 0 0 0 1 0 0 0 0 
20172 20 5196 1 1 1 1 1 1 1 1 1 1 1 1 0 1 1 1 1 1 1 0 
20173 20 2216 0 0 0 0 1 0 0 1 0 0 1 1 0 0 0 0 1 1 1 0 
20174 20 3613 1 0 0 1 1 1 0 0 1 0 1 0 1 1 0 0 1 0 1 1 
20175 20 5969 1 0 1 1 1 1 1 1 1 1 1 1 1 0 1 1 1 1 1 1 
20176 20 4731 0 1 1 1 1 1 0 1 1 1 1 0 0 1 1 1 0 1 1 1 
20177 20 4673 1 1 1 1 1 1 0 1 0 1 1 1 1 1 1 1 1 0 0 1 
20178 20 4749 1 0 1 1 1 1 1 1 1 0 1 1 1 1 1 0 1 1 1 1 
20179 20 4628 1 1 1 1 1 1 0 1 1 0 0 1 0 0 1 1 0 1 1 0 
20180 20 3244 0 1 0 1 1 1 0 0 1 0 0 1 0 0 0 1 0 0 1 0 
20181 20 3886 0 1 1 1 1 1 1 0 0 1 1 0 1 1 0 0 0 1 0 1 
20182 20 4629 1 1 1 1 1 1 1 1 0 0 1 1 1 1 1 1 1 1 1 1 
20183 20 4501 0 1 1 1 0 1 1 1 1 1 1 1 1 0 1 1 1 1 0 1 
20184 20 4147 1 0 1 1 1 1 0 1 0 1 1 0 0 1 1 0 0 1 0 0 
20185 20 1707 0 0 1 0 0 1 1 0 0 0 0 1 0 0 0 0 0 0 0 1 
20186 20 4443 1 1 0 1 0 0 1 1 1 0 1 0 1 1 1 1 1 1 1 1 
20187 20 5386 0 1 0 1 1 1 1 1 1 1 1 1 1 1 1 1 1 1 1 1 
20188 20 3551 0 1 1 1 1 1 1 1 1 1 1 1 1 1 1 1 1 1 1 0 
20189 20 2646 0 1 1 0 0 0 0 1 0 1 0 0 0 1 0 0 1 1 0 1 
20190 20 3885 1 0 0 1 0 1 1 1 1 1 0 1 1 1 1 0 0 1 1 1 
20191 20 1911 0 1 0 1 0 0 0 1 0 1 0 0 0 0 1 1 0 1 0 0 
20192 20 3771 1 1 0 0 1 1 0 0 1 1 1 1 1 1 0 1 0 1 1 0 
20193 20 4638 1 1 1 1 1 0 1 1 1 1 1 1 1 1 1 1 0 0 1 0 
20194 20 2387 0 1 0 1 0 0 1 1 0 0 0 1 0 0 0 1 1 0 0 1 
20195 20 2172 0 1 0 1 0 0 1 1 0 0 0 0 1 1 0 0 0 0 0 1 
20196 20 3927 1 0 0 1 1 0 0 1 1 1 1 1 1 1 1 0 1 1 1 1 
20197 20 4392 1 0 1 1 1 0 1 0 1 1 0 0 1 1 0 1 0 0 1 0 
20198 20 5594 1 1 1 1 1 1 0 1 1 1 1 1 1 1 1 0 1 1 1 1 
20199 20 3282 0 1 0 0 1 1 1 0 1 0 1 0 1 0 0 1 1 1 1 1 
20200 20 4894 1 1 0 1 1 1 1 1 1 1 1 1 1 1 1 1 1 1 1 1 
20201 20 4028 1 0 0 1 1 1 1 1 1 0 1 1 0 0 1 1 1 1 0 0 
20202 20 3341 1 1 0 1 1 0 1 1 0 1 0 1 0 0 1 0 0 0 0 1 
20203 20 3399 1 0 0 0 1 1 0 0 1 1 1 0 1 0 0 1 0 1 1 1 
20204 20 2887 0 0 0 0 0 0 0 0 1 1 1 0 1 1 0 1 1 1 0 0 
20205 20 3371 0 0 1 1 1 0 0 1 0 1 0 0 1 1 0 1 1 1 1 0 
20206 20 3696 1 1 1 0 1 0 1 1 0 1 0 1 0 0 0 1 1 1 1 1 
20207 20 1808 1 0 0 0 0 0 0 0 1 0 1 1 0 1 1 0 0 0 0 0 
20208 20 2244 1 0 0 1 1 1 1 0 0 1 0 0 1 0 0 0 0 0 0 0 
20209 20 3582 0 0 1 1 1 1 1 0 1 0 0 1 0 0 0 1 1 0 0 0 
20210 20 5639 1 1 1 1 1 1 1 1 1 1 1 1 1 1 1 1 1 1 1 1 
20211 20 5704 1 1 1 1 1 1 1 1 1 1 1 1 1 1 1 1 1 1 1 1 
20212 20 4133 1 1 1 1 1 1 1 1 1 1 1 1 1 1 1 1 1 1 1 1 
20213 20 4121 1 0 1 0 1 1 1 1 0 0 1 0 1 0 0 1 1 1 1 0 
20214 20 3685 1 1 1 1 0 1 0 1 1 1 1 1 1 1 0 1 1 0 1 1 
20215 20 4766 1 1 1 1 0 1 1 1 0 1 0 0 1 1 1 1 1 0 1 0 
20216 20 1702 0 1 0 0 0 0 0 1 1 0 0 0 1 0 0 0 0 1 0 0 
20217 20 5859 1 1 1 1 1 1 1 1 1 1 1 1 1 1 1 1 1 1 1 1 
20218 20 3934 0 0 1 0 0 1 1 0 1 0 1 0 1 1 1 1 1 1 1 1 
20219 20 4776 1 1 0 1 1 0 0 1 1 0 1 1 1 0 1 1 1 1 0 1 
20220 20 4176 1 1 1 1 1 1 1 0 0 1 1 1 1 1 0 0 1 0 1 0 
20221 20 4379 0 1 1 1 1 1 1 1 1 1 0 1 1 1 1 1 1 1 1 1 
20222 20 3120 0 0 0 1 0 0 1 1 1 1 1 0 0 1 1 1 0 0 0 1 
20223 20 4652 1 1 1 1 1 1 1 1 1 1 1 1 1 0 1 1 0 0 1 1 
20224 20 2714 0 1 1 1 1 0 0 0 1 0 0 0 1 1 1 1 0 0 0 0 
20225 20 4154 1 0 0 1 1 1 1 0 1 1 0 1 0 1 0 0 0 0 1 1 
20226 20 2667 0 1 0 0 0 0 1 0 1 1 0 0 1 1 1 0 0 0 1 1 
20227 20 4023 1 0 0 1 0 0 1 0 1 1 1 1 1 1 0 0 0 1 1 0 
20228 20 4560 1 1 1 1 1 0 0 0 1 0 1 1 0 0 1 1 0 1 1 1 
20229 20 5134 1 1 1 1 1 1 1 1 1 1 1 1 1 1 1 0 1 1 0 1 
20230 20 3621 0 0 1 1 1 0 0 1 1 0 0 1 1 1 1 0 1 0 1 1 
20231 20 4212 1 1 1 1 1 1 0 0 1 0 0 1 0 1 0 1 0 1 1 0 
20232 20 4457 1 1 1 1 1 1 1 1 1 1 1 1 1 0 0 1 1 1 1 1 
20233 20 5197 1 1 1 1 1 1 1 1 0 1 1 1 1 1 1 1 1 0 1 1 
20234 20 2221 0 0 0 1 0 0 1 1 1 1 0 1 0 0 0 0 0 0 0 0 
20235 20 1316 0 0 0 1 1 0 1 0 0 0 0 0 0 1 0 0 1 0 1 0 
20236 20 5364 1 1 1 0 1 0 1 1 1 1 1 0 1 1 1 1 1 1 1 1 
20237 20 4089 1 1 1 0 0 0 1 1 0 1 1 1 1 1 0 1 0 0 0 1 
20238 20 4201 1 1 1 0 1 1 0 0 1 1 1 1 0 1 1 1 0 1 1 1 
20239 20 3218 0 0 1 1 1 1 0 1 0 1 0 1 1 1 1 0 0 1 0 0 
20240 20 3892 0 1 1 0 1 0 1 1 1 0 0 0 1 1 1 1 1 0 1 0 
20241 20 3638 1 0 0 0 1 1 1 0 0 1 1 1 1 0 0 1 0 1 1 0 
20242 20 3360 0 0 1 1 1 0 0 0 1 0 0 1 1 1 1 1 0 1 0 1 
20243 20 3429 1 0 1 1 1 1 1 0 0 1 0 1 1 1 0 0 0 1 0 0 
20244 20 2820 1 1 0 0 0 1 0 0 1 0 1 0 0 1 1 0 0 1 0 0 
20245 20 1708 0 1 0 0 0 0 0 1 0 0 0 0 1 1 0 0 0 1 0 0 
20246 20 3846 1 1 1 1 1 0 0 1 1 1 1 1 1 1 1 1 1 0 1 0 
20247 20 2125 0 0 1 0 1 0 1 1 1 0 0 1 0 0 0 1 0 0 0 0 
20248 20 4377 1 1 1 1 1 0 1 1 1 1 1 1 0 1 1 1 0 1 0 0 
20249 20 3102 0 1 0 1 1 1 1 1 1 1 0 0 0 0 1 1 0 1 1 1 
20250 20 6525 1 1 1 1 1 1 1 1 1 0 1 1 1 0 1 1 1 1 1 1 
20251 20 4054 0 1 1 1 1 1 1 1 1 0 0 0 1 1 0 1 0 0 1 1 
20252 20 2162 1 0 0 1 0 0 1 0 0 0 0 0 1 0 0 1 1 0 0 0 
20253 20 1130 0 0 1 0 0 0 0 0 0 0 0 0 0 0 0 0 1 0 1 0 
20254 20 934 0 0 0 0 1 0 1 0 1 0 0 0 0 0 0 0 0 0 0 0 
20255 20 4506 0 1 1 1 1 1 1 1 1 1 1 1 1 1 1 0 1 0 1 1 
20256 20 4585 1 1 1 1 1 1 1 0 1 1 1 0 1 1 1 1 1 0 1 1 
20257 20 5182 1 1 1 1 1 1 1 1 1 1 1 1 1 1 1 1 1 1 1 1 
20258 20 4496 0 0 0 1 1 1 1 0 1 0 1 1 0 1 0 1 1 1 1 1 
20259 20 4011 1 0 1 0 1 1 1 1 1 0 1 1 1 1 1 1 1 1 1 1 
20260 20 4911 1 1 1 1 1 1 1 1 0 0 1 0 1 0 1 1 0 1 1 0 
20261 20 4544 1 0 1 1 1 1 1 1 1 1 1 1 0 1 1 1 0 0 1 1 
20262 20 1662 0 0 0 1 0 0 0 1 0 0 1 0 0 1 0 0 1 0 0 0 
20263 20 4735 1 1 1 1 1 1 1 1 1 1 1 1 1 1 1 1 1 1 0 1 
20264 20 3741 0 0 1 1 1 1 1 0 0 1 0 0 0 0 1 0 0 1 1 0 
20265 20 5453 1 1 1 1 1 1 1 1 1 1 1 1 1 1 1 1 1 1 1 1 
20266 20 4169 1 0 1 1 0 0 1 1 1 0 0 0 1 0 1 1 1 1 0 1 
20267 20 4362 1 1 1 1 1 1 1 0 1 1 1 1 1 1 0 0 1 1 1 1 
20268 20 3557 1 0 1 0 0 1 0 1 0 0 1 1 0 1 0 1 0 0 1 1 
20269 20 1592 0 1 0 0 0 0 1 0 0 0 0 0 0 0 1 1 0 0 0 0 
20270 20 4480 1 1 1 1 1 1 1 1 1 1 1 1 1 1 1 1 1 1 1 1 
20271 20 5402 1 0 1 1 1 1 1 0 1 1 1 1 1 1 1 1 1 0 0 1 
20272 20 4260 1 1 1 1 1 1 0 0 1 1 1 1 1 0 0 1 1 1 0 0 
20273 20 3697 0 1 1 0 0 1 1 0 0 1 1 1 1 1 1 0 0 1 0 0 
20274 20 5396 1 1 1 1 1 1 1 1 1 1 1 1 1 1 1 1 1 1 1 1 
20275 20 3944 1 1 1 0 1 0 1 1 1 0 0 1 1 1 0 0 1 1 1 1 
20276 20 5336 1 1 1 1 1 1 1 0 1 1 1 0 1 1 0 1 1 1 1 1 
20277 20 3474 1 1 1 1 1 1 1 0 1 1 1 1 1 1 1 1 1 1 0 1 
20278 20 4198 1 1 1 1 1 1 1 1 1 1 1 1 1 1 1 1 1 1 1 1 
20279 20 4730 1 1 1 1 1 1 0 1 0 0 1 1 1 0 1 1 1 0 1 1 
20280 20 4719 0 1 0 1 0 1 1 1 0 1 1 1 1 1 1 0 1 1 1 1 
20281 20 3026 0 0 0 1 1 0 1 0 0 0 1 1 0 0 1 1 0 1 0 0 
20282 20 1771 1 1 0 1 0 0 0 0 0 0 1 0 0 0 0 1 0 0 1 0 
20283 20 2358 0 1 0 1 1 0 1 0 0 0 1 0 0 0 0 1 0 0 1 0 
20284 20 3970 1 1 0 1 0 1 0 1 0 0 1 0 1 1 1 1 0 1 0 1 
20285 20 4659 1 1 1 1 1 1 1 1 1 1 1 1 1 1 1 1 1 0 1 1 
20286 20 4522 1 0 1 1 1 1 1 1 0 1 1 0 0 1 0 1 1 0 0 1 
20287 20 3501 1 1 0 0 0 0 0 1 0 1 1 1 0 1 1 0 1 1 1 0 
20288 20 3415 0 0 0 1 1 1 0 0 1 0 0 1 1 0 1 0 0 1 1 1 
20289 20 5487 1 1 0 1 1 0 1 0 1 1 0 1 1 1 1 1 1 1 1 1 
20290 20 3304 0 1 1 1 0 0 0 0 1 1 0 0 1 1 0 1 1 0 0 1 
20291 20 4711 0 1 1 0 1 1 1 0 1 1 1 1 0 1 0 1 1 0 1 1 
20292 20 4277 1 0 1 1 0 0 0 1 1 1 1 1 1 1 1 1 1 1 1 1 
20293 20 4930 1 0 1 1 1 1 0 1 1 1 1 1 1 1 1 1 1 1 1 1 
20294 20 3317 0 0 0 1 1 0 1 0 0 0 1 1 0 1 1 0 1 0 1 1 
20295 20 3371 1 1 0 0 0 0 0 0 0 1 1 1 1 1 1 0 1 0 1 0 
20296 20 3737 0 1 1 1 0 0 0 1 0 0 1 0 1 0 1 0 0 1 1 1 
20297 20 4791 1 0 1 1 1 1 1 1 0 1 1 0 1 1 0 1 0 1 1 1 
20298 20 3577 1 0 1 0 1 0 1 1 1 1 0 0 1 1 0 1 1 0 1 1 
20299 20 4249 0 0 1 1 0 1 1 1 0 1 1 1 1 0 1 1 1 1 1 1 
20300 20 4511 1 1 1 1 1 1 1 1 1 1 1 1 1 1 1 1 1 1 1 1 
20301 20 2134 1 1 0 1 0 0 0 1 0 0 0 0 1 0 1 0 1 0 0 0 
20302 20 3516 0 1 1 1 1 0 1 1 1 0 0 0 1 0 0 1 1 0 1 0 
20303 20 3454 1 1 1 1 0 1 0 0 1 0 0 0 0 1 1 1 0 1 1 0 
20304 20 4667 0 1 1 1 1 0 1 0 1 0 1 0 1 1 1 1 1 1 1 1 
20305 20 4263 1 1 1 1 1 1 0 1 1 1 1 1 1 0 1 1 0 1 1 1 
20306 20 3581 0 1 0 1 0 1 0 0 1 1 1 1 0 1 1 0 0 0 0 0 
20307 20 6313 1 0 1 1 1 1 0 1 1 1 1 0 1 1 0 1 1 1 1 1 
20308 20 3021 0 1 1 1 1 0 0 1 1 1 1 1 1 1 0 1 1 1 1 1 
20309 20 4686 1 1 1 1 1 1 1 1 0 1 1 1 1 1 1 1 1 1 1 1 
20310 20 4724 1 1 0 1 0 1 1 1 1 1 1 1 1 1 1 1 1 1 1 1 
20311 20 1553 0 0 1 0 0 1 1 1 0 0 0 1 0 0 0 0 0 0 0 0 
20312 20 3413 0 0 1 0 0 1 0 1 1 1 1 1 1 0 0 1 1 1 0 1 
20313 20 4184 1 1 1 1 1 1 1 1 1 1 1 1 1 1 1 1 1 1 1 1 
20314 20 2477 0 0 0 1 0 1 1 0 1 1 1 1 0 1 0 0 0 0 0 1 
20315 20 4616 1 0 1 0 1 1 1 1 1 1 1 1 1 1 1 1 1 1 1 1 
20316 20 4056 1 1 0 0 0 1 1 1 1 1 1 1 1 1 1 1 1 0 1 1 
20317 20 3334 1 1 0 0 0 0 0 1 1 1 1 0 1 1 1 0 0 1 0 0 
20318 20 5097 1 1 1 0 1 1 1 1 1 1 1 1 1 1 0 1 1 1 1 1 
20319 20 4427 1 1 1 0 1 1 0 0 0 1 1 1 1 0 1 1 1 1 1 1 
20320 20 3724 0 0 1 1 1 0 1 1 1 1 1 0 1 0 1 1 0 1 0 0 
20321 20 2572 1 0 0 0 0 0 0 1 0 1 0 0 0 0 0 1 0 1 0 1 
20322 20 3103 0 0 0 1 1 0 1 0 1 0 0 1 0 0 0 1 1 0 1 1 
20323 20 3122 0 1 0 0 0 1 1 1 0 0 0 1 0 0 0 1 1 0 0 1 
20324 20 4607 1 1 1 1 1 1 1 1 1 1 1 0 1 1 1 1 1 1 1 1 
20325 20 4502 1 1 1 1 1 1 1 1 1 1 0 1 0 1 1 1 1 1 1 1 
20326 20 5216 1 1 0 1 1 1 1 1 1 1 1 1 1 1 1 1 1 1 1 1 
20327 20 4936 0 1 1 1 1 1 1 1 1 1 1 1 0 1 1 1 1 1 0 1 
20328 20 2695 1 1 0 0 0 1 0 1 0 1 1 0 1 1 0 0 0 0 0 1 
20329 20 4634 1 1 1 1 1 1 1 1 1 1 1 1 1 1 1 1 1 1 0 1 
20330 20 4438 1 1 1 1 1 1 1 1 1 0 1 1 1 0 1 1 1 1 1 1 
20331 20 3208 1 0 1 1 1 1 0 0 0 1 1 1 0 1 0 0 1 1 0 1 
20332 20 4405 1 1 1 1 1 1 1 1 1 1 1 1 1 1 1 1 1 0 1 1 
20333 20 4573 1 1 1 1 1 1 1 1 1 1 1 1 1 1 1 1 1 1 1 1 
20334 20 3182 1 1 0 0 0 1 1 1 0 0 1 0 0 0 1 0 0 0 1 1 
20335 20 2558 0 0 1 1 0 0 1 1 0 0 0 0 0 0 1 0 1 1 0 0 
20336 20 4402 1 0 1 1 1 1 1 0 1 1 1 1 1 1 1 0 1 1 0 1 
20337 20 3034 0 1 1 0 0 1 0 1 0 1 1 1 0 0 1 0 1 0 0 0 
20338 20 2602 1 0 0 1 0 1 0 0 1 1 1 1 0 1 0 0 0 1 1 0 
20339 20 4163 1 0 1 0 0 1 1 1 1 1 1 1 0 1 0 1 1 0 1 0 
20340 20 5495 1 1 1 1 1 1 1 1 1 1 1 1 1 1 1 1 1 1 1 1 
20341 20 1563 1 0 1 0 0 1 0 0 0 0 0 1 1 0 0 0 0 0 0 0 
20342 20 4635 1 0 0 1 1 1 0 1 1 1 1 1 1 0 1 1 1 1 0 1 
20343 20 4403 1 0 0 1 1 0 0 1 1 0 1 1 1 0 1 1 1 1 0 1 
20344 20 3426 1 0 1 1 0 1 1 1 1 0 1 0 1 0 0 1 0 1 1 1 
20345 20 5289 1 1 1 1 1 1 1 1 1 1 1 1 1 1 1 1 1 1 1 1 
20346 20 5684 1 1 1 1 1 1 1 1 1 1 1 1 1 1 1 1 1 1 0 1 
20347 20 3507 1 1 1 1 0 0 0 0 1 1 1 1 1 0 0 1 0 1 0 1 
20348 20 4961 0 1 0 0 1 0 1 1 0 1 1 1 0 1 1 1 1 1 1 1 
20349 20 4854 1 1 1 1 1 1 1 1 1 1 1 1 0 1 1 1 0 1 1 1 
20350 20 2951 1 0 0 1 0 0 1 1 1 0 0 1 1 1 1 0 0 1 0 0 
20351 20 5151 1 1 1 1 1 1 1 1 1 1 0 1 1 1 1 1 0 1 1 1 
20352 20 3402 1 1 1 1 1 1 1 1 1 1 1 1 1 1 1 1 1 1 1 1 
20353 20 4146 1 0 1 1 1 0 0 1 1 1 1 1 1 0 0 0 1 0 0 1 
20354 20 1251 0 1 0 0 1 1 0 0 0 0 0 0 0 0 0 0 0 0 0 1 
20355 20 4999 1 0 1 1 0 1 1 1 1 1 0 1 1 1 1 1 1 1 1 1 
20356 20 2112 0 1 0 0 0 0 1 1 0 1 0 0 0 1 0 0 0 0 0 0 
20357 20 1778 0 1 0 0 1 1 1 1 0 0 0 0 0 0 0 0 0 0 0 0 
20358 20 2765 0 0 0 1 0 0 0 0 0 0 1 0 1 1 1 1 0 0 1 1 
20359 20 4360 1 1 0 0 1 1 1 1 1 1 0 1 1 1 1 0 1 0 0 1 
20360 20 3131 1 1 0 0 1 0 1 1 0 0 1 0 1 0 0 0 1 1 1 0 
20361 20 3713 1 1 1 1 0 1 1 0 1 0 0 1 1 1 0 0 0 1 1 0 
20362 20 1235 0 1 0 0 0 0 0 0 0 0 0 1 0 1 0 1 0 0 0 0 
20363 20 1348 0 0 0 0 0 0 0 0 0 0 0 1 0 0 0 1 1 0 0 1 
20364 20 4979 1 0 1 1 0 1 1 1 1 0 1 1 1 1 0 1 1 1 0 1 
20365 20 5369 1 1 1 1 1 1 1 1 0 1 1 1 0 1 1 0 1 0 1 1 
20366 20 3434 1 1 1 1 1 1 1 1 1 1 1 1 1 1 1 1 1 1 1 1 
20367 20 4086 1 1 1 1 0 1 0 0 1 1 1 1 1 1 1 1 0 1 1 0 
20368 20 4640 1 1 1 1 0 1 1 1 1 1 1 1 0 0 1 1 0 1 0 1 
20369 20 3657 1 1 1 1 1 1 1 1 1 1 1 1 1 1 1 1 1 1 1 1 
20370 20 2265 1 0 1 0 0 0 0 1 0 0 0 0 1 0 0 0 1 0 1 1 
20371 20 4607 0 0 1 1 0 1 1 1 1 1 1 1 0 1 1 1 0 1 0 1 
20372 20 3190 0 0 0 0 0 1 1 1 0 1 0 0 1 0 0 1 1 1 1 0 
20373 20 5689 1 1 1 1 0 1 1 0 1 1 1 1 0 1 1 1 1 1 1 0 
20374 20 2030 0 0 0 0 0 0 1 1 1 0 0 0 0 1 0 0 0 0 0 1 
20375 20 3520 1 1 0 0 0 0 1 0 1 1 0 1 0 0 1 0 1 1 0 1 
20376 20 2424 0 1 0 1 0 0 1 0 0 0 0 0 1 0 0 1 1 0 1 1 
20377 20 4844 1 1 1 1 0 0 1 1 1 1 1 1 0 1 1 1 1 1 1 1 
20378 20 4804 1 0 1 1 0 1 0 1 1 0 0 1 0 0 1 1 1 0 1 1 
20379 20 6044 1 1 1 1 1 1 1 1 1 1 1 1 1 1 1 1 1 1 1 1 
20380 20 1976 1 0 0 0 0 1 1 0 0 0 0 0 1 0 1 0 0 1 0 1 
20381 20 5081 1 0 1 1 1 1 1 0 1 1 1 1 1 1 1 0 1 1 1 1 
20382 20 3208 0 1 0 0 0 0 0 1 1 1 0 1 1 0 0 1 1 0 1 0 
20383 20 4535 1 1 1 1 1 1 1 1 1 1 1 1 1 1 1 1 1 1 1 1 
20384 20 4632 1 0 1 1 0 1 1 1 1 1 0 0 1 1 0 1 1 0 1 1 
20385 20 2668 1 0 0 1 0 0 1 1 1 0 1 0 1 0 0 0 0 1 0 1 
20386 20 2046 0 1 0 1 0 0 1 0 1 0 0 0 1 0 0 0 0 0 1 0 
20387 20 4434 1 1 1 1 0 1 1 1 1 1 1 1 1 0 1 0 0 1 1 1 
20388 20 5361 1 1 1 1 1 1 1 1 1 1 1 1 1 1 1 1 1 1 1 1 
20389 20 3133 0 1 0 0 1 1 1 0 1 0 1 0 0 0 1 0 1 1 1 1 
20390 20 2927 0 0 1 1 1 1 0 0 0 1 0 1 0 1 1 1 0 1 0 0 
20391 20 3303 1 1 0 1 0 0 1 0 1 1 1 1 0 1 0 1 0 0 1 1 
20392 20 3859 0 1 1 0 1 1 1 0 0 1 1 0 0 1 1 1 0 1 0 1 
20393 20 4873 0 0 1 1 1 1 1 1 0 1 1 1 1 1 1 1 1 1 1 1 
20394 20 4730 1 1 0 1 0 1 1 1 1 1 1 1 1 1 1 1 1 1 0 0 
20395 20 3808 1 1 1 1 0 0 0 0 1 1 1 1 1 1 1 1 0 1 1 1 
20396 20 4789 1 0 0 1 1 1 1 1 1 1 1 1 1 1 1 1 1 0 1 0 
20397 20 4241 1 1 1 1 0 1 1 1 0 0 1 1 0 1 1 1 1 0 0 1 
20398 20 4508 0 1 1 1 1 1 1 0 1 1 1 1 0 0 1 0 1 0 0 1 
20399 20 5407 1 1 1 1 1 1 1 0 0 1 1 0 1 1 1 1 0 1 1 1 
20400 20 5189 1 1 1 1 1 1 1 1 1 1 1 1 1 1 1 1 1 1 1 1 
20401 20 4016 1 0 0 1 1 1 1 1 1 1 1 1 1 1 0 0 1 1 0 1 
20402 20 5347 0 1 1 1 0 0 0 1 1 1 0 1 1 1 1 0 1 1 1 1 
20403 20 4267 1 1 0 1 0 0 1 0 1 1 0 1 1 1 0 1 1 1 1 0 
20404 20 4903 1 1 1 1 1 1 0 0 0 1 0 1 1 1 1 1 1 1 0 1 
20405 20 5275 1 1 0 1 1 1 1 1 1 1 1 1 1 1 1 1 1 1 1 1 
20406 20 4687 0 1 1 0 1 1 0 1 1 1 1 0 1 1 1 1 1 1 1 0 
20407 20 4888 0 0 1 0 1 1 1 1 1 1 0 1 1 1 1 1 1 0 1 1 
20408 20 5158 1 1 1 1 1 1 1 1 1 1 1 1 1 1 1 1 1 1 1 1 
20409 20 5132 1 1 1 1 0 1 1 0 1 1 1 1 0 0 0 1 1 1 1 1 
20410 20 4856 0 1 1 1 1 0 1 1 1 1 1 1 0 1 1 1 0 1 1 0 
20411 20 5980 1 1 1 1 1 1 1 1 1 1 1 1 1 1 1 0 1 1 1 1 
20412 20 3492 1 0 1 1 0 0 0 0 1 1 1 0 1 0 1 1 0 1 1 1 
20413 20 2116 0 0 0 1 0 0 1 1 0 0 0 1 0 0 1 0 1 1 1 0 
20414 20 4631 1 1 1 1 1 0 1 1 1 1 1 1 1 1 0 1 1 1 1 0 
20415 20 6352 1 1 1 1 1 1 1 1 1 1 1 1 1 1 1 1 1 1 1 1 
20416 20 3950 1 0 1 0 1 0 1 1 1 0 1 0 1 1 1 0 0 1 0 1 
20417 20 2346 0 0 0 1 0 1 0 0 1 1 1 1 1 0 0 0 1 0 0 0 
20418 20 4283 1 1 0 1 1 0 0 0 1 0 1 1 1 1 0 1 1 1 1 1 
20419 20 4235 1 1 1 0 1 1 0 1 0 1 0 1 1 1 1 1 1 1 0 1 
20420 20 5133 0 1 1 1 1 0 1 0 1 1 1 1 1 1 1 1 0 0 1 1 
20421 20 3450 1 1 1 0 1 0 0 1 0 1 0 0 1 0 1 1 1 0 0 1 
20422 20 3370 1 1 0 1 1 0 0 0 0 1 1 0 0 1 1 0 0 1 1 0 
20423 20 4528 1 0 0 1 0 1 0 1 1 1 1 1 0 0 1 0 1 1 1 1 
20424 20 1717 1 0 0 0 0 1 0 1 0 0 0 0 0 0 0 1 0 0 1 0 
20425 20 5046 1 1 0 1 0 1 1 1 0 1 1 1 1 1 1 0 1 1 0 1 
20426 20 3995 1 1 0 1 1 0 0 0 1 1 0 0 1 1 1 1 1 0 0 1 
20427 20 3325 1 0 1 1 1 0 1 1 1 1 1 1 1 1 1 1 1 1 1 0 
20428 20 4758 1 1 1 0 1 1 1 1 1 1 1 1 1 1 1 1 1 0 1 1 
20429 20 3952 0 1 1 0 1 0 0 1 1 1 1 1 1 1 1 0 0 1 1 0 
20430 20 2807 1 0 1 0 1 1 1 0 0 0 1 1 1 0 0 0 1 1 0 1 
20431 20 3219 0 0 0 1 0 1 1 0 0 1 0 1 1 0 1 1 0 0 1 0 
20432 20 4100 1 1 1 1 0 1 1 1 0 0 1 1 0 0 0 0 0 1 1 1 
20433 20 2581 0 0 1 0 1 0 0 1 0 0 1 1 0 0 0 1 1 0 1 0 
20434 20 3106 0 0 0 1 1 0 0 0 0 1 1 0 1 1 0 0 1 0 1 1 
20435 20 3445 1 1 0 0 0 0 0 1 0 1 1 1 1 0 0 0 1 1 0 1 
20436 20 3766 1 1 1 0 1 1 1 0 0 0 0 1 0 1 0 1 1 0 1 1 
20437 20 1267 0 0 0 1 0 0 1 0 0 0 0 0 0 1 0 0 1 0 0 0 
20438 20 5309 1 0 1 0 1 1 1 1 1 1 0 1 1 0 1 1 0 1 1 0 
20439 20 6282 1 1 1 1 1 1 1 1 1 1 1 1 1 1 0 1 1 1 1 1 
20440 20 3410 1 0 0 1 1 1 1 0 1 0 1 0 1 0 1 0 0 1 0 1 
20441 20 4571 1 0 1 1 0 1 1 0 1 1 1 1 0 1 1 1 1 0 0 1 
20442 20 5971 1 1 1 1 1 1 1 1 1 1 0 1 1 1 0 1 1 1 1 1 
20443 20 4154 1 1 0 1 0 1 1 1 1 1 1 1 1 0 1 1 0 1 1 1 
20444 20 4877 0 1 1 1 1 1 1 1 1 1 1 1 1 1 1 1 1 1 1 1 
20445 20 4556 1 1 1 1 1 0 1 0 1 1 1 1 1 1 1 1 0 0 1 1 
20446 20 1657 0 0 1 0 0 1 0 0 0 0 1 0 1 0 0 0 1 0 1 0 
20447 20 3485 1 0 1 0 1 0 0 1 0 0 1 0 1 1 1 1 0 1 0 1 
20448 20 3216 1 1 0 0 0 0 1 1 0 1 1 0 1 0 1 1 0 0 1 1 
20449 20 3081 1 1 1 0 1 1 1 1 0 1 0 1 0 0 1 1 0 0 0 0 
20450 20 2510 0 1 1 0 1 1 1 0 0 1 1 1 1 0 0 0 1 0 0 0 
20451 20 1721 0 1 0 0 0 0 0 1 0 1 0 0 0 0 0 0 0 1 0 0 
20452 20 1875 0 0 0 0 0 1 0 0 1 1 0 0 0 0 0 1 0 1 1 0 
20453 20 2994 0 1 0 0 0 1 0 1 1 0 0 1 0 1 0 1 0 1 0 1 
20454 20 5185 1 1 1 1 1 1 1 1 1 1 1 1 1 1 1 1 1 1 1 1 
20455 20 6109 1 1 1 1 1 1 1 0 1 1 1 0 1 0 1 1 1 1 1 1 
20456 20 3511 1 0 1 0 0 1 0 0 1 1 0 0 1 1 0 0 1 1 1 1 
20457 20 2995 1 1 0 0 0 0 1 0 1 1 0 1 0 1 1 0 0 0 0 0 
20458 20 5276 1 1 1 1 1 1 1 1 1 1 1 1 1 1 0 1 1 1 1 1 
20459 20 3715 0 1 0 1 0 0 1 1 0 1 1 0 0 1 1 1 0 0 1 0 
20460 20 3762 1 0 0 0 1 0 1 1 1 1 1 0 1 1 0 1 0 0 1 1 
20461 20 3261 1 1 0 0 1 1 1 0 0 0 1 0 1 1 0 1 1 1 0 0 
20462 20 3045 1 0 0 0 1 0 0 1 1 0 1 1 0 1 0 1 0 0 1 1 
20463 20 2056 1 0 0 1 1 0 0 0 0 1 0 1 0 0 1 0 1 1 0 0 
20464 20 3434 0 0 1 1 1 0 0 0 1 1 1 1 0 0 0 0 1 1 1 1 
20465 20 3275 1 0 1 1 1 0 0 1 0 1 0 1 1 1 0 0 0 1 0 0 
20466 20 1471 1 1 0 0 0 0 1 0 0 0 0 0 0 0 0 1 0 0 0 0 
20467 20 2237 0 0 0 1 0 0 0 1 1 1 0 0 0 1 1 0 0 0 0 0 
20468 20 3900 1 1 1 1 0 0 1 1 0 1 1 1 1 1 1 0 1 1 1 1 
20469 20 3786 1 1 0 1 0 1 1 1 1 1 1 0 1 0 1 1 1 1 1 1 
20470 20 4904 1 1 1 1 0 1 1 1 1 1 1 1 1 1 1 1 1 1 1 1 
20471 20 2832 1 1 0 1 1 0 1 0 0 1 0 0 0 1 1 0 1 0 0 1 
20472 20 5239 0 1 1 1 0 1 1 1 1 1 1 1 1 1 1 1 1 1 1 1 
20473 20 3105 1 1 0 0 0 1 1 0 1 0 0 0 0 0 1 0 1 1 0 1 
20474 20 4621 1 1 0 0 0 1 1 1 1 0 1 1 1 0 1 1 1 1 0 0 
20475 20 5333 1 1 1 1 1 1 1 0 1 1 1 1 1 0 1 1 1 1 1 1 
20476 20 4455 0 1 0 1 0 1 1 1 1 1 1 1 1 1 0 1 1 1 1 1 
20477 20 3288 0 0 0 0 1 1 0 1 1 1 1 0 1 0 0 1 0 1 1 1 
20478 20 4316 1 1 1 0 1 1 1 1 0 1 1 1 1 1 1 1 0 1 0 1 
20479 20 2542 0 1 1 1 1 0 0 1 0 0 0 0 1 1 0 0 0 0 0 1 
20480 20 5224 1 1 1 1 1 1 1 1 1 1 1 1 1 1 1 1 1 0 1 1 
20481 20 1907 1 0 0 1 1 0 0 0 0 1 0 0 0 0 0 0 0 0 1 1 
20482 20 1814 0 0 0 0 0 0 1 0 0 0 1 1 1 0 0 0 0 0 0 1 
20483 20 4189 1 1 0 1 1 1 1 0 1 0 0 0 0 1 0 1 1 0 1 1 
20484 20 3970 0 1 1 1 1 1 1 1 0 0 1 1 0 1 1 1 1 1 0 1 
20485 20 4686 1 1 0 0 1 1 1 0 1 1 0 1 1 1 1 0 1 1 1 0 
20486 20 2785 0 1 0 0 0 1 1 0 1 0 1 0 1 1 0 1 0 0 0 1 
20487 20 1845 1 0 1 1 0 0 0 0 1 0 0 0 0 0 0 0 1 0 1 0 
20488 20 3808 1 1 1 1 0 1 0 1 1 0 1 1 1 1 1 0 1 1 0 1 
20489 20 4223 1 1 1 1 1 1 0 1 1 1 1 1 1 1 0 1 1 1 1 0 
20490 20 4865 0 1 1 1 1 0 1 1 0 1 1 1 1 1 1 1 1 1 0 1 
20491 20 2374 1 0 0 0 1 1 0 1 1 0 0 0 0 1 1 1 0 0 1 0 
20492 20 4804 1 1 1 1 1 1 0 1 1 1 1 1 0 1 0 0 1 1 1 1 
20493 20 4693 0 1 0 1 0 1 1 0 1 0 0 1 0 1 0 1 0 1 1 1 
20494 20 5185 1 1 1 1 1 1 1 1 1 1 1 1 1 1 0 1 1 1 1 1 
20495 20 2749 1 1 1 1 1 0 0 1 0 0 0 0 0 0 0 1 0 1 0 1 
20496 20 1726 0 0 1 0 0 0 1 0 0 1 0 0 1 0 0 0 0 0 1 0 
20497 20 4319 0 1 1 1 1 1 1 1 1 0 1 1 1 1 1 0 1 1 1 1 
20498 20 934 0 0 0 0 0 0 0 1 0 0 1 0 0 0 0 0 0 0 0 0 
20499 20 4874 1 1 1 1 1 1 0 1 1 1 1 1 1 0 1 1 1 1 1 1 
20500 20 4322 1 1 1 1 0 1 1 1 1 1 1 1 1 1 1 1 1 1 1 1 
