25001 25 1650 0 0 0 0 1 1 0 0 0 0 0 0 1 1 0 0 0 1 0 0 0 0 1 0 0 
25002 25 3351 0 1 1 1 0 1 0 1 0 1 0 1 0 0 0 1 0 1 0 0 0 0 0 0 0 
25003 25 6031 1 0 1 0 1 1 1 1 0 1 1 1 1 1 1 1 1 0 1 1 1 0 1 1 0 
25004 25 4342 0 1 0 1 1 1 0 1 0 0 0 1 0 0 0 1 1 1 1 0 1 0 0 0 1 
25005 25 4884 1 1 1 1 0 1 0 0 1 1 1 0 0 1 1 0 0 0 1 1 1 1 1 1 1 
25006 25 3122 1 0 0 0 1 0 1 0 0 0 0 1 0 1 1 0 1 0 1 1 1 0 0 0 0 
25007 25 6800 1 1 1 0 1 1 0 1 1 1 1 0 1 0 1 1 1 1 1 1 1 1 1 1 1 
25008 25 3449 1 0 0 0 1 0 0 0 1 0 0 0 1 1 1 1 1 1 0 0 0 0 0 0 1 
25009 25 3658 1 0 0 0 0 1 1 1 0 1 1 0 1 0 1 1 1 1 0 1 0 1 1 1 0 
25010 25 1586 0 0 0 0 0 1 0 0 0 0 0 1 0 0 0 0 1 0 0 0 0 0 0 1 0 
25011 25 6844 1 1 1 1 1 1 1 0 1 1 1 1 1 1 1 0 1 1 1 0 1 1 1 0 1 
25012 25 6752 1 1 1 1 1 0 0 1 1 1 1 0 1 1 1 1 1 1 1 0 0 1 1 1 1 
25013 25 2927 0 0 0 1 1 0 1 1 1 1 0 0 1 1 1 1 0 0 0 1 0 0 0 0 0 
25014 25 3834 1 1 1 1 1 1 1 0 1 1 1 0 0 1 1 0 0 1 1 1 0 0 1 0 1 
25015 25 5301 0 0 1 1 1 1 1 1 1 1 0 1 1 0 1 1 0 1 1 1 1 1 1 1 1 
25016 25 5159 1 1 1 1 1 1 1 1 1 1 1 1 1 1 1 1 1 1 1 1 1 1 1 1 1 
25017 25 5792 1 1 1 0 0 0 1 1 1 1 1 1 1 0 1 1 1 1 0 0 1 1 1 1 1 
25018 25 4229 1 1 0 1 0 0 0 0 0 0 1 0 0 1 1 0 1 0 0 1 1 1 1 1 0 
25019 25 2774 1 0 1 0 0 0 1 0 1 0 1 0 0 0 1 0 0 0 1 0 1 0 0 0 0 
25020 25 5710 1 1 1 1 1 1 1 1 1 1 1 1 1 1 1 1 1 1 1 1 1 0 1 1 1 
25021 25 4445 1 0 1 1 1 0 1 0 1 0 0 0 1 0 1 0 1 1 1 0 1 1 1 0 0 
25022 25 6628 1 0 1 1 0 1 1 0 1 1 0 1 1 1 1 1 1 1 1 1 1 1 1 1 1 
25023 25 6205 1 1 1 1 1 1 1 1 1 1 1 1 1 1 1 1 1 1 1 1 1 1 1 1 1 
25024 25 4935 1 1 0 1 1 1 1 1 0 0 1 1 0 1 0 1 0 0 1 1 1 1 1 1 1 
25025 25 7317 1 1 0 1 0 1 1 1 1 1 1 1 1 1 1 1 1 0 1 1 1 1 1 1 1 
25026 25 5613 0 1 1 1 1 1 0 0 1 0 1 1 1 1 0 0 1 1 1 1 1 1 1 1 1 
25027 25 4338 0 0 1 0 1 1 0 1 1 0 0 1 0 0 0 0 1 1 0 1 1 1 1 1 0 
25028 25 6895 1 1 1 1 1 1 1 1 1 1 1 1 1 1 1 1 1 1 1 0 1 1 1 1 1 
25029 25 5143 1 1 0 1 1 1 1 0 0 1 0 1 1 1 1 1 0 0 0 0 1 1 0 1 0 
25030 25 4757 1 0 1 0 1 1 1 1 1 1 1 1 1 1 1 1 1 1 1 1 1 1 1 1 1 
25031 25 4729 1 1 1 1 1 1 1 1 1 1 1 1 1 1 1 1 1 1 1 1 1 1 1 1 1 
25032 25 6570 1 1 1 1 0 1 1 1 0 1 0 1 1 1 1 1 1 1 1 1 1 1 1 1 1 
25033 25 2970 0 0 1 0 1 0 0 1 0 0 1 0 1 0 0 1 0 0 0 0 1 0 0 1 0 
25034 25 5118 1 1 1 1 0 0 0 1 1 1 0 1 1 1 0 1 1 1 1 1 1 0 0 0 1 
25035 25 6472 1 1 1 1 1 1 1 1 1 1 1 1 1 1 1 1 1 1 1 1 1 1 1 1 0 
25036 25 5466 1 0 1 1 1 1 1 1 1 1 1 1 1 0 0 1 1 0 1 1 1 1 1 1 0 
25037 25 4461 1 1 1 0 1 0 1 0 1 0 1 1 1 0 0 0 1 0 1 1 1 0 1 0 1 
25038 25 5039 1 1 1 1 1 1 1 1 0 0 1 1 1 1 1 1 1 1 1 1 0 1 1 0 1 
25039 25 2561 1 1 0 0 1 0 0 0 0 0 0 0 0 1 0 0 1 0 0 0 1 0 0 1 0 
25040 25 3983 1 1 0 1 1 1 1 0 1 1 0 0 0 1 1 1 0 0 0 0 1 1 1 0 1 
25041 25 3247 0 0 0 1 0 1 1 0 0 1 1 0 0 1 1 0 1 0 0 0 1 1 1 1 0 
25042 25 5037 0 1 0 1 1 0 0 1 0 1 0 1 1 1 1 1 1 0 1 1 1 1 1 1 1 
25043 25 4543 1 1 0 0 0 1 0 0 0 1 0 1 0 1 1 1 1 0 0 1 1 1 1 1 1 
25044 25 5847 1 1 1 1 0 1 1 1 1 0 0 1 0 1 1 0 1 1 1 1 1 1 1 1 1 
25045 25 880 1 0 0 0 0 0 0 0 0 0 1 0 0 0 0 0 0 0 0 0 1 0 0 0 0 
25046 25 6561 1 1 1 1 1 1 1 1 1 0 1 0 1 1 1 1 1 1 0 1 1 1 1 1 1 
25047 25 4093 1 1 1 1 1 0 0 1 1 0 0 1 1 0 1 1 1 0 1 1 0 1 0 1 0 
25048 25 3510 0 0 0 1 0 0 1 1 0 0 1 0 0 1 1 0 1 1 0 0 1 1 1 0 0 
25049 25 2188 0 1 0 1 1 0 1 0 0 0 1 1 0 1 0 1 0 0 0 0 0 0 0 0 0 
25050 25 6517 1 1 1 1 1 1 1 1 1 1 1 1 1 1 1 1 1 1 1 0 1 1 1 1 1 
25051 25 4826 1 0 1 1 0 1 0 1 1 1 0 1 0 1 1 0 1 0 0 1 0 1 1 1 0 
25052 25 5747 1 0 1 0 0 1 1 0 1 0 0 1 1 1 1 0 1 1 1 1 1 1 1 1 1 
25053 25 2198 1 1 0 0 0 1 0 1 0 1 0 0 0 0 0 0 0 0 1 0 1 0 0 0 0 
25054 25 4216 1 0 0 1 0 1 1 0 1 0 1 1 1 0 0 0 0 1 1 1 0 1 0 0 0 
25055 25 6276 1 0 1 0 1 1 1 1 0 1 1 1 1 1 0 0 1 1 1 1 1 0 1 1 1 
25056 25 5862 1 1 1 1 1 1 1 1 1 0 0 1 1 1 1 1 1 1 1 1 1 1 1 1 1 
25057 25 1554 0 1 0 0 0 0 0 1 0 0 0 0 0 0 1 0 0 0 1 0 0 0 0 1 0 
25058 25 5494 1 1 1 1 0 0 0 1 1 1 1 1 1 1 1 1 0 1 1 1 1 0 1 1 1 
25059 25 3867 0 1 0 0 0 1 1 1 0 1 1 1 0 0 1 0 1 1 0 0 0 0 0 0 1 
25060 25 3284 1 1 0 0 0 0 0 1 1 1 0 0 0 0 1 1 0 1 1 1 0 0 1 0 0 
25061 25 6013 0 1 1 1 0 1 1 1 0 1 1 1 1 1 0 1 1 0 1 1 1 1 1 1 1 
25062 25 5798 1 1 1 1 0 1 1 1 1 0 1 0 1 1 1 1 0 1 0 1 1 1 1 1 1 
25063 25 5807 1 1 1 1 1 1 1 1 1 0 1 1 1 1 1 1 1 1 1 1 1 1 1 1 1 
25064 25 682 1 0 0 0 0 1 0 0 0 0 0 0 0 0 0 0 0 0 0 0 0 0 0 0 0 
25065 25 6470 1 0 1 0 1 1 1 1 1 0 1 1 1 1 1 1 1 1 1 1 1 1 1 1 0 
25066 25 3499 1 0 1 0 0 1 1 0 0 0 0 0 0 0 0 1 1 0 1 1 0 1 0 1 0 
25067 25 6000 1 1 1 1 1 1 1 1 1 1 1 1 1 1 1 1 1 1 1 1 1 1 1 1 1 
25068 25 8364 1 1 1 1 1 1 1 1 1 1 1 1 1 1 1 1 1 1 1 1 1 1 1 1 1 
25069 25 4487 1 1 0 1 0 0 0 0 0 1 1 0 1 1 1 1 1 0 0 1 0 0 1 1 1 
25070 25 4647 0 1 0 1 0 1 0 1 1 1 1 1 0 1 1 0 1 0 1 1 0 1 1 0 1 
25071 25 6413 1 1 1 1 1 1 1 1 1 1 1 1 1 1 1 1 1 0 1 1 1 1 1 1 1 
25072 25 996 0 1 0 0 0 0 0 0 0 1 0 0 0 0 1 0 0 0 0 0 1 0 0 0 0 
25073 25 6064 1 1 1 1 1 1 1 1 0 1 1 1 1 1 0 1 0 1 1 1 1 0 1 1 0 
25074 25 4064 1 1 0 1 0 0 0 1 0 1 0 1 1 0 0 0 0 0 1 1 0 1 1 0 1 
25075 25 6754 1 1 1 1 1 1 1 1 1 1 1 1 1 1 1 1 1 1 1 1 1 1 1 1 1 
25076 25 5505 1 1 1 1 1 0 0 1 1 1 1 1 0 0 0 1 0 0 0 1 1 1 1 0 1 
25077 25 5912 1 0 1 1 1 1 1 1 1 1 1 0 1 1 1 1 0 1 1 1 1 1 1 1 1 
25078 25 5048 1 1 0 0 1 1 0 1 1 0 1 1 0 1 1 0 1 1 1 1 0 1 1 1 0 
25079 25 2316 0 1 0 0 0 0 0 0 0 0 0 1 0 1 0 0 0 1 0 0 1 1 0 0 0 
25080 25 4703 1 1 1 1 1 1 0 1 1 1 1 1 1 1 1 1 1 1 1 1 1 1 1 1 1 
25081 25 2646 1 0 0 1 0 1 0 0 1 0 1 0 1 0 0 1 1 0 0 0 1 0 0 1 0 
25082 25 5363 0 1 1 0 1 1 1 0 1 0 1 1 0 1 1 1 0 0 0 1 1 1 0 1 1 
25083 25 1710 1 0 0 1 0 0 0 0 0 0 0 1 0 1 0 0 0 0 0 0 0 0 1 0 0 
25084 25 3167 1 0 0 1 1 0 0 0 0 0 0 0 0 0 1 0 1 1 0 0 0 1 0 0 1 
25085 25 5544 1 1 1 1 1 1 1 0 0 0 1 1 1 1 1 1 1 0 1 1 1 1 1 1 1 
25086 25 4993 1 1 1 1 1 1 1 1 0 1 0 1 1 1 1 0 1 1 1 0 0 0 1 1 1 
25087 25 5096 1 1 0 1 1 1 1 1 1 0 0 1 1 0 1 1 1 1 0 0 1 1 0 1 1 
25088 25 5361 1 1 0 1 1 1 1 1 1 1 1 1 1 1 1 1 0 1 1 1 1 1 0 0 1 
25089 25 4423 1 0 1 0 0 0 0 0 1 1 1 0 1 1 1 0 0 1 1 0 1 0 1 0 0 
25090 25 2235 1 0 0 0 0 1 0 0 0 1 0 1 1 0 0 0 0 0 0 1 0 0 0 1 0 
25091 25 7196 1 1 1 1 1 1 1 1 1 1 1 1 1 1 1 1 1 1 1 1 1 1 1 1 1 
25092 25 6178 1 1 1 1 1 1 1 1 1 1 1 1 0 1 1 1 1 1 1 1 0 1 0 1 1 
25093 25 6286 1 1 1 1 1 1 1 0 1 0 1 1 1 1 1 1 1 1 1 1 1 1 1 1 1 
25094 25 4345 1 1 1 0 1 1 1 1 0 1 1 1 1 1 0 1 0 1 1 1 1 1 0 1 1 
25095 25 4878 0 0 1 1 1 1 0 0 1 0 0 1 1 1 1 0 0 1 0 0 1 1 1 0 1 
25096 25 2203 0 0 0 0 1 0 1 0 0 1 0 1 0 0 0 0 1 0 0 0 1 0 0 0 0 
25097 25 1617 0 0 1 0 0 0 0 1 1 0 0 0 0 0 0 0 1 0 0 0 1 0 0 0 0 
25098 25 6028 1 1 1 1 1 1 1 1 1 1 1 1 1 1 1 1 1 1 0 1 1 1 1 1 1 
25099 25 6537 1 1 1 1 1 1 1 1 1 0 1 1 1 1 1 1 1 1 1 1 1 1 1 1 1 
25100 25 2511 0 0 0 1 0 0 1 0 0 0 1 0 0 0 0 1 0 0 1 1 0 0 0 1 0 
25101 25 5600 1 0 1 0 0 1 1 1 1 1 1 0 1 1 1 0 1 1 1 1 1 1 0 1 0 
25102 25 5935 1 1 1 1 1 1 1 1 1 0 1 1 1 1 1 1 1 0 1 0 1 0 1 1 1 
25103 25 2122 0 0 1 1 1 0 0 0 1 0 1 0 0 0 0 0 0 0 1 0 0 1 0 0 0 
25104 25 2524 0 0 1 1 0 0 0 0 0 0 0 0 0 0 0 0 0 0 0 1 1 0 1 1 1 
25105 25 5051 1 1 0 1 1 1 0 1 0 1 1 1 0 1 0 1 1 0 0 1 1 1 0 1 0 
25106 25 4053 0 1 1 0 0 0 1 1 0 0 0 1 1 0 1 1 0 1 0 0 0 1 0 1 1 
25107 25 2681 1 0 0 1 1 1 0 0 1 0 0 0 1 0 0 0 1 0 0 0 0 0 0 0 0 
25108 25 897 0 0 1 0 0 0 0 0 0 1 1 0 0 0 0 1 0 0 0 0 0 0 0 0 0 
25109 25 5510 1 1 0 1 1 1 1 1 1 1 0 1 0 1 0 1 0 1 1 1 1 1 1 1 1 
25110 25 1400 0 0 0 0 1 0 1 0 0 0 0 0 0 0 0 1 0 0 1 0 0 0 0 0 0 
25111 25 3307 0 1 0 1 1 0 0 0 0 1 0 1 0 0 1 1 0 1 0 0 0 0 0 1 0 
25112 25 3589 1 0 1 0 1 1 0 1 0 0 1 1 1 0 0 0 0 1 1 0 1 0 1 0 0 
25113 25 5267 1 1 1 1 1 1 1 1 1 0 1 0 1 1 0 0 1 1 1 1 1 0 0 0 1 
25114 25 5541 1 1 1 1 1 1 1 1 1 1 1 1 1 0 1 1 1 1 1 1 1 1 1 1 1 
25115 25 3583 0 0 0 1 0 1 1 0 1 1 1 1 1 0 1 0 1 0 0 0 0 0 0 1 0 
25116 25 4511 1 1 1 1 0 1 1 0 1 1 0 1 0 0 1 1 0 1 0 0 1 1 0 0 0 
25117 25 3942 1 1 1 0 0 0 0 0 1 0 0 1 0 1 1 1 0 1 1 0 0 1 1 0 0 
25118 25 3045 0 1 1 0 1 0 0 0 0 0 1 0 0 1 0 0 0 1 1 0 0 0 0 0 0 
25119 25 3694 1 0 0 1 0 1 0 1 1 0 0 0 0 1 0 0 0 1 1 1 1 0 1 0 0 
25120 25 3880 0 0 0 0 1 0 0 1 1 0 1 0 0 1 1 1 0 1 0 1 0 1 1 1 0 
25121 25 3288 1 1 0 1 1 1 0 0 0 0 1 0 0 0 1 1 0 0 1 1 1 0 0 0 0 
25122 25 3417 0 0 0 1 1 0 0 1 0 0 0 1 0 0 0 1 1 0 0 1 1 1 0 1 0 
25123 25 5632 1 1 0 1 1 1 1 1 1 1 1 1 1 0 1 1 1 1 1 1 1 1 1 1 0 
25124 25 4379 0 1 1 0 1 1 0 0 1 1 0 0 1 0 1 0 0 1 1 1 1 1 0 0 1 
25125 25 1497 0 0 0 1 1 0 0 0 1 0 0 0 0 1 0 0 0 0 0 0 0 0 0 0 0 
25126 25 4538 1 1 1 1 1 1 0 1 0 1 0 1 0 1 1 1 1 1 1 0 0 1 1 0 0 
25127 25 4844 0 1 0 1 1 0 1 1 1 0 1 0 1 1 1 1 0 0 1 0 1 1 1 1 0 
25128 25 4138 0 0 1 0 0 0 0 0 0 0 1 1 1 1 1 1 1 0 0 1 0 0 1 1 1 
25129 25 2314 1 1 0 0 1 0 0 1 1 0 0 1 0 0 0 0 1 0 1 0 0 0 0 0 1 
25130 25 4957 1 1 1 0 1 1 1 1 1 1 1 1 1 0 1 1 0 0 1 1 1 1 1 1 1 
25131 25 4918 1 1 1 1 0 0 1 0 1 0 0 1 0 0 1 1 1 0 1 0 1 1 1 0 0 
25132 25 5445 1 1 1 1 1 1 1 1 1 1 1 1 1 1 1 0 1 1 1 1 1 1 1 0 0 
25133 25 6192 1 1 1 1 1 1 1 1 1 1 1 1 1 1 1 1 1 1 1 1 1 1 1 1 1 
25134 25 2244 0 1 0 0 1 0 0 0 0 0 0 1 1 0 1 0 0 1 0 1 0 0 1 0 0 
25135 25 5038 1 1 1 0 0 1 1 0 1 0 1 0 1 1 0 1 1 0 1 0 1 0 1 1 1 
25136 25 2549 1 0 0 0 0 0 1 0 1 0 0 0 0 0 1 1 0 0 0 0 1 0 1 0 0 
25137 25 5893 1 1 1 1 1 1 1 1 1 1 1 1 1 1 1 1 1 1 1 1 1 1 1 1 1 
25138 25 5864 1 1 1 1 0 1 0 1 1 1 0 1 1 1 1 0 1 1 1 1 0 1 1 1 0 
25139 25 4179 1 1 1 0 1 1 0 1 1 0 1 1 0 0 1 0 1 1 1 1 0 0 1 1 1 
25140 25 2508 0 0 1 0 0 0 0 1 0 0 1 0 1 0 0 0 0 0 1 0 1 1 0 0 1 
25141 25 2716 0 1 0 1 1 1 0 0 0 1 0 0 0 0 0 0 1 1 0 0 0 0 0 1 0 
25142 25 5222 1 1 1 0 0 1 1 0 0 0 1 0 0 1 1 1 0 1 1 1 0 1 0 1 1 
25143 25 5709 1 1 1 1 0 0 1 1 1 1 1 1 1 1 1 1 1 0 1 1 0 1 1 1 1 
25144 25 5404 1 0 1 1 1 1 0 0 1 1 1 1 1 1 1 1 1 1 0 1 1 1 1 0 1 
25145 25 4709 0 1 1 0 0 0 0 0 1 1 0 0 0 1 0 0 1 1 1 1 1 1 1 1 1 
25146 25 1294 0 0 0 1 0 0 0 0 0 0 0 1 1 0 0 0 0 0 0 0 0 0 0 1 0 
25147 25 4033 0 0 1 1 0 0 0 1 0 1 1 0 0 1 1 0 0 1 1 1 1 0 1 1 0 
25148 25 7696 1 1 1 1 1 1 1 1 1 1 1 1 1 1 1 1 1 1 0 1 1 1 1 1 0 
25149 25 6979 1 1 1 1 1 1 0 1 1 1 1 1 1 0 1 1 1 1 1 1 1 0 1 0 1 
25150 25 4235 1 1 0 1 0 0 1 1 1 1 1 1 0 1 0 1 0 1 0 0 0 0 1 1 0 
25151 25 5207 0 1 0 1 1 1 1 1 1 0 1 0 0 1 0 0 1 0 1 1 1 0 1 0 1 
25152 25 1065 0 0 0 0 1 0 1 0 0 0 0 1 0 0 0 1 0 0 0 0 0 0 0 0 0 
25153 25 5492 1 1 1 1 1 1 1 1 1 1 1 1 1 1 1 1 1 1 1 1 1 1 1 1 1 
25154 25 6551 1 0 1 1 1 1 1 1 1 1 1 1 1 0 1 1 0 0 1 1 0 0 1 1 1 
25155 25 6412 1 1 1 1 0 1 1 1 1 1 1 1 1 1 0 0 1 1 1 1 1 0 1 1 1 
25156 25 6295 1 1 1 1 1 1 1 1 1 1 1 1 1 1 1 1 1 1 1 1 1 1 1 1 1 
25157 25 5518 1 1 1 1 1 1 1 1 1 1 1 1 1 1 1 1 1 1 1 1 1 0 1 0 1 
25158 25 1417 0 0 0 0 0 0 0 1 0 0 1 0 0 0 1 0 1 0 0 0 1 0 0 0 0 
25159 25 7314 0 1 1 0 1 0 1 1 1 1 1 1 1 1 1 1 1 0 1 0 0 1 1 1 1 
25160 25 6692 1 1 1 1 1 1 1 0 0 1 1 1 1 1 1 1 1 0 1 1 1 1 1 1 1 
25161 25 1973 0 0 0 0 0 1 0 0 0 0 1 0 0 1 0 0 0 1 0 1 0 0 1 1 0 
25162 25 6278 1 1 1 1 1 1 1 1 1 1 1 1 1 1 1 1 1 1 1 1 1 1 1 1 1 
25163 25 5378 0 1 1 0 1 1 0 1 1 1 1 0 0 1 1 1 0 1 1 1 0 1 1 1 0 
25164 25 5625 0 1 1 1 1 1 0 0 0 0 0 1 0 1 1 1 0 1 1 1 0 1 1 0 0 
25165 25 2285 0 0 1 0 0 0 0 1 0 0 0 0 0 1 0 1 1 1 0 0 1 0 0 1 0 
25166 25 6150 0 1 1 1 1 1 1 1 0 0 1 1 1 1 1 1 1 1 1 1 1 1 1 0 1 
25167 25 4023 1 1 0 1 1 0 0 0 0 1 1 1 0 1 0 1 0 1 1 0 0 1 0 0 0 
25168 25 1593 0 0 0 0 0 1 0 1 0 1 0 1 0 1 0 0 0 0 0 1 0 0 0 0 0 
25169 25 1946 0 1 0 0 0 0 0 0 0 1 0 0 0 0 0 0 0 0 0 1 0 1 0 1 0 
25170 25 5179 1 1 1 1 1 1 1 1 1 1 1 1 1 1 1 1 1 1 1 1 1 1 1 1 1 
25171 25 5309 0 0 1 0 1 1 0 1 0 1 1 1 0 1 0 1 1 1 1 1 0 1 0 1 0 
25172 25 3122 1 0 0 1 0 1 0 1 0 1 0 0 0 1 0 0 1 0 1 1 0 1 1 0 1 
25173 25 6026 1 1 1 1 1 0 1 1 1 0 1 1 0 1 1 1 1 1 0 1 1 0 1 0 1 
25174 25 5107 0 1 0 1 1 0 1 1 1 1 1 1 0 1 1 0 1 1 1 1 0 1 1 0 1 
25175 25 5181 1 0 0 1 1 0 1 1 1 1 1 1 0 0 1 1 1 0 0 1 0 0 0 1 0 
25176 25 4303 1 1 1 1 1 0 1 1 0 1 1 0 1 0 0 0 1 0 0 1 0 1 0 0 0 
25177 25 7065 1 1 1 1 1 1 1 0 1 1 1 1 1 1 1 1 0 1 1 1 1 1 0 1 1 
25178 25 6557 1 1 1 1 1 0 1 1 1 1 1 1 1 1 1 1 1 0 1 0 1 1 1 0 1 
25179 25 5251 1 1 1 1 0 1 1 1 0 0 1 0 1 1 1 1 1 1 1 1 0 1 1 0 1 
25180 25 5961 1 0 1 1 1 0 1 0 1 1 1 1 1 1 0 1 0 1 1 1 1 1 1 0 1 
25181 25 5142 0 1 1 0 0 1 1 1 1 0 1 1 0 1 0 1 0 0 0 0 1 0 0 1 1 
25182 25 4668 0 0 1 1 0 1 1 0 0 1 1 1 1 1 1 1 1 1 1 1 0 0 0 1 1 
25183 25 4813 1 1 1 1 1 1 0 1 0 1 1 0 1 0 0 1 0 0 0 0 1 0 0 1 0 
25184 25 6699 1 1 1 0 1 1 1 1 1 0 1 1 1 0 1 0 1 0 1 1 1 0 1 0 1 
25185 25 2593 0 0 1 1 1 1 0 1 0 0 1 1 0 0 0 0 0 1 0 0 0 0 0 1 0 
25186 25 4976 1 1 1 0 0 0 1 1 1 0 0 1 1 1 1 1 0 1 1 0 0 1 0 1 1 
25187 25 6868 1 1 1 1 1 1 1 1 1 1 1 1 1 1 1 1 1 1 1 1 1 1 1 1 1 
25188 25 1032 0 0 1 0 0 0 1 0 0 0 0 1 0 0 0 0 0 0 0 0 0 0 0 0 0 
25189 25 5283 1 1 0 1 1 1 1 1 1 1 1 1 1 1 1 1 1 0 1 1 1 1 0 1 1 
25190 25 2956 0 0 0 0 0 0 0 0 1 0 1 1 0 1 1 0 1 0 1 0 1 0 0 0 0 
25191 25 2763 1 0 0 1 1 1 1 0 1 0 0 0 0 0 0 0 1 0 0 0 1 0 0 0 1 
25192 25 6194 0 1 1 1 0 1 1 1 1 0 1 0 1 1 1 1 0 0 1 1 1 1 0 1 0 
25193 25 5335 1 0 0 1 1 1 1 1 0 1 0 1 0 0 1 1 1 0 1 1 0 1 1 1 1 
25194 25 4933 1 1 0 0 0 0 1 1 0 1 1 1 1 1 1 1 1 0 0 1 0 1 1 1 1 
25195 25 3347 0 0 1 0 1 0 1 0 0 0 1 1 0 1 0 0 1 1 1 1 1 0 0 1 0 
25196 25 6130 1 0 0 1 1 1 0 1 1 1 1 1 1 1 1 1 0 1 0 1 0 0 1 1 1 
25197 25 4563 1 0 1 1 1 1 1 0 1 1 1 1 1 1 1 0 1 1 1 0 1 1 1 1 1 
25198 25 5440 1 1 1 1 0 0 1 1 1 0 1 1 1 1 0 0 0 0 0 1 1 1 1 1 1 
25199 25 4986 1 1 1 1 1 1 1 0 1 1 1 1 1 0 1 1 1 1 1 0 1 1 1 1 1 
25200 25 5534 1 0 1 1 1 1 1 0 1 1 1 0 1 1 1 0 1 1 0 1 1 1 1 1 1 
25201 25 2392 0 1 0 0 0 0 1 0 1 0 0 0 0 0 0 1 0 1 0 0 0 0 0 0 1 
25202 25 4252 1 1 1 0 0 1 0 1 1 0 0 0 1 1 1 0 1 1 0 0 1 1 0 1 0 
25203 25 6844 1 1 1 1 1 1 1 1 1 1 1 1 1 1 1 1 1 1 0 1 1 1 1 1 1 
25204 25 5792 1 1 0 1 1 0 1 1 1 0 0 1 1 1 1 0 1 1 1 1 1 1 1 1 0 
25205 25 5066 1 1 1 1 1 0 1 1 1 0 0 1 0 1 0 1 1 0 0 1 0 1 0 1 1 
25206 25 5841 1 1 1 1 1 1 1 1 1 1 1 0 1 1 1 1 1 0 1 1 1 1 0 1 1 
25207 25 4855 0 1 1 0 0 1 0 1 0 0 1 0 0 1 1 1 1 0 0 1 1 0 1 1 1 
25208 25 5040 0 1 0 1 0 1 1 1 1 1 1 1 0 0 1 1 1 0 1 0 1 1 0 0 0 
25209 25 5716 0 1 1 1 1 0 1 0 1 0 1 1 0 1 1 1 0 1 1 1 1 1 0 1 1 
25210 25 6173 0 0 1 1 1 1 0 1 1 1 0 1 1 1 0 1 1 1 1 1 1 1 1 1 1 
25211 25 1330 0 0 1 0 1 0 0 0 1 0 0 0 1 0 0 0 0 0 0 0 0 0 0 0 0 
25212 25 6748 1 1 1 1 1 1 1 0 1 1 1 1 0 1 1 1 1 1 1 1 1 1 1 1 1 
25213 25 6018 1 0 1 0 1 0 1 1 1 1 1 1 1 1 0 1 1 1 1 1 1 1 0 1 1 
25214 25 7039 1 1 1 1 1 1 1 1 1 1 1 1 1 1 1 1 1 1 1 1 1 1 1 1 1 
25215 25 5203 1 0 1 0 1 1 0 1 1 0 0 0 1 1 1 1 1 1 0 1 1 1 1 1 0 
25216 25 5091 1 1 1 0 1 1 1 0 0 1 1 1 1 1 0 0 1 1 1 0 1 1 0 1 0 
25217 25 6843 1 1 1 1 1 1 1 1 1 1 1 1 1 1 1 1 1 1 1 1 1 1 1 1 1 
25218 25 3286 0 0 0 1 1 0 0 0 1 0 0 1 0 1 0 1 1 0 0 1 1 1 1 0 0 
25219 25 5705 1 1 1 1 1 0 1 1 1 1 1 0 1 1 1 1 0 1 1 1 1 0 1 1 0 
25220 25 4342 0 0 0 0 1 1 0 1 1 1 0 1 1 0 0 1 0 0 1 1 1 1 0 0 1 
25221 25 5501 1 1 1 1 1 0 1 1 1 1 0 1 1 1 1 1 0 1 1 1 1 0 0 1 1 
25222 25 5792 1 1 1 1 1 1 1 1 1 0 1 1 1 0 1 1 0 0 1 1 1 1 0 1 0 
25223 25 4104 0 1 0 1 0 0 1 0 1 1 1 1 1 1 1 0 1 0 1 1 1 1 1 1 0 
25224 25 4459 1 1 1 1 1 1 1 1 1 1 1 1 1 1 1 1 1 0 1 1 1 1 1 1 1 
25225 25 4807 0 1 1 1 0 1 1 0 1 1 1 1 1 0 1 0 0 1 1 1 1 1 1 0 0 
25226 25 4109 0 0 0 1 1 0 0 0 1 1 1 1 1 1 1 1 0 1 0 0 1 0 0 0 1 
25227 25 6869 1 1 1 1 1 1 1 1 1 1 1 1 1 1 1 1 1 1 1 1 1 1 1 1 1 
25228 25 1170 1 0 0 0 0 0 0 0 0 1 0 1 0 1 0 0 0 0 0 0 0 0 0 0 0 
25229 25 5895 0 1 1 1 0 1 1 1 1 1 1 0 1 0 1 1 0 0 1 1 1 1 1 1 1 
25230 25 5609 0 1 1 1 1 1 1 1 1 1 1 1 1 1 1 1 1 1 1 1 1 1 1 0 1 
25231 25 2264 0 0 0 0 0 0 1 0 1 0 0 1 1 0 1 0 1 0 1 0 0 0 0 1 0 
25232 25 5708 1 1 1 1 1 1 0 1 0 0 1 1 1 0 1 0 1 1 0 1 0 1 0 1 1 
25233 25 6094 1 1 1 1 1 0 0 1 0 1 1 0 0 1 1 1 1 1 0 0 1 1 1 1 1 
25234 25 2264 0 0 0 1 0 0 1 0 0 0 1 1 0 0 0 1 1 0 0 0 0 1 0 1 0 
25235 25 3460 0 0 0 1 0 1 0 1 0 0 1 0 1 0 0 0 0 1 1 1 0 1 0 1 1 
25236 25 5808 1 1 1 1 1 1 1 1 0 1 1 1 0 1 1 0 1 1 1 1 1 0 1 0 1 
25237 25 6613 1 1 1 1 1 1 1 1 1 1 1 1 1 1 1 1 1 1 1 1 1 1 1 1 1 
25238 25 5574 1 1 0 1 0 1 1 1 0 1 0 1 1 0 1 0 1 0 1 0 1 1 1 1 1 
25239 25 3132 0 0 0 1 0 1 0 0 0 0 0 0 1 0 1 0 1 1 1 1 0 0 0 0 0 
25240 25 3308 0 1 1 1 0 0 1 0 0 0 0 1 1 0 0 1 0 0 1 0 0 0 1 1 1 
25241 25 4784 0 1 0 1 1 1 1 1 0 0 1 1 1 0 0 0 1 1 0 0 1 1 1 1 0 
25242 25 1843 0 0 0 1 1 0 0 1 0 0 0 1 0 0 0 0 0 0 0 0 0 1 0 0 0 
25243 25 4429 1 0 1 0 0 1 1 0 1 0 1 0 0 1 1 1 0 1 0 1 1 1 1 1 0 
25244 25 3528 1 1 0 0 0 0 0 0 1 1 1 1 1 1 1 0 1 0 0 1 0 1 0 1 0 
25245 25 2822 0 1 1 1 0 1 0 0 0 0 0 0 1 0 0 0 0 0 1 1 1 0 0 0 0 
25246 25 3337 0 0 0 0 1 0 1 0 0 0 0 0 1 1 1 1 1 0 1 1 0 0 0 0 0 
25247 25 8038 1 1 1 1 1 1 1 1 1 1 1 1 1 1 0 1 1 1 1 1 1 1 1 1 1 
25248 25 3848 0 0 1 0 1 1 1 0 0 0 0 1 0 1 1 0 1 1 0 1 1 0 1 1 1 
25249 25 5846 1 1 0 1 1 1 0 1 0 1 1 1 1 1 1 1 1 0 1 1 1 1 0 0 1 
25250 25 4964 0 1 0 1 0 1 1 1 1 0 1 0 1 1 1 1 0 0 1 0 1 1 0 1 1 
25251 25 6132 1 1 1 1 1 1 1 1 1 1 1 1 1 1 1 1 1 1 1 1 1 1 1 1 1 
25252 25 3738 0 1 0 1 1 1 0 0 1 1 1 0 0 1 1 0 0 0 0 1 0 1 1 0 1 
25253 25 1273 0 0 0 1 0 0 0 0 0 0 1 0 0 0 0 0 0 1 0 0 0 0 1 0 0 
25254 25 2459 1 0 1 0 0 1 1 0 0 0 0 0 1 0 0 0 0 0 1 1 0 1 0 0 1 
25255 25 4012 1 0 1 0 0 0 0 0 1 1 1 0 0 1 1 1 1 0 1 0 0 0 0 0 1 
25256 25 7136 1 1 1 1 1 1 1 1 1 1 0 1 1 1 1 1 1 1 1 1 1 1 1 1 1 
25257 25 6245 0 1 0 1 0 1 1 1 1 1 1 0 1 1 0 1 1 1 1 0 1 1 1 1 1 
25258 25 6084 1 1 1 1 1 1 1 1 1 1 1 1 1 1 1 1 1 1 1 1 1 1 1 1 1 
25259 25 5025 1 1 1 1 1 0 0 0 0 1 1 1 1 0 1 0 0 0 1 1 0 0 1 1 1 
25260 25 6597 1 1 1 1 1 1 1 1 1 1 1 1 1 1 1 1 1 1 1 1 1 1 1 1 1 
25261 25 4280 1 1 0 1 0 1 0 1 1 0 1 0 1 0 0 1 1 0 0 0 0 1 0 1 0 
25262 25 5286 0 1 1 0 1 1 1 0 1 0 0 1 1 0 1 0 1 1 0 1 1 0 1 1 1 
25263 25 6858 1 1 1 1 1 1 1 1 1 1 1 1 1 1 1 1 1 1 1 1 0 1 1 1 1 
25264 25 5666 0 1 1 1 1 1 1 1 1 1 1 1 1 1 1 1 1 1 1 1 1 1 1 1 1 
25265 25 5825 1 1 1 1 1 1 1 1 1 1 0 0 1 1 1 1 1 1 1 1 0 1 1 1 1 
25266 25 5049 0 1 0 1 1 1 1 0 1 1 1 0 1 1 0 0 1 1 1 1 1 0 1 1 1 
25267 25 2453 0 1 0 0 0 0 0 0 0 1 1 1 0 0 0 0 0 0 0 1 1 0 1 0 0 
25268 25 2791 0 0 0 1 0 1 0 0 0 0 1 1 0 1 1 0 0 1 1 1 0 0 0 1 0 
25269 25 1456 0 1 1 1 0 0 0 0 0 0 0 0 0 0 0 1 1 0 0 0 1 0 0 0 0 
25270 25 3583 0 0 0 0 1 1 0 1 0 0 0 1 0 1 1 0 1 0 1 1 1 1 1 0 0 
25271 25 4713 1 0 1 0 1 1 1 1 1 1 1 1 1 1 1 0 0 0 0 1 0 0 1 0 1 
25272 25 3972 1 1 0 1 0 0 1 1 1 1 1 0 0 0 1 1 1 0 0 1 0 0 1 0 0 
25273 25 4980 0 1 1 0 1 0 0 1 1 1 0 1 0 1 0 0 1 1 1 1 0 0 1 0 1 
25274 25 6744 1 1 0 1 1 1 1 1 1 1 1 1 1 1 0 1 1 1 1 1 1 1 1 1 0 
25275 25 6736 0 0 1 1 1 1 0 1 1 0 1 0 1 1 0 1 1 1 1 1 1 1 1 1 1 
25276 25 5168 1 1 1 1 1 1 1 1 1 1 1 1 1 1 1 1 1 1 1 1 1 1 1 1 1 
25277 25 4057 1 1 1 0 0 0 0 0 1 0 0 1 0 1 1 1 1 0 0 1 1 0 0 0 0 
25278 25 2825 0 1 1 0 0 0 0 1 0 1 1 1 0 0 1 0 0 0 0 1 0 0 0 0 0 
25279 25 5725 1 1 1 1 1 1 1 1 0 1 1 0 1 1 1 1 1 1 0 1 1 1 1 1 1 
25280 25 5691 1 0 0 0 0 1 1 0 1 1 1 0 1 1 1 1 1 1 1 1 0 1 0 0 1 
25281 25 5351 0 0 1 1 1 0 0 1 1 0 0 1 1 1 0 1 1 1 1 1 1 0 1 0 1 
25282 25 3214 1 0 1 1 0 0 1 0 0 1 1 0 1 1 0 0 1 0 0 1 1 1 1 0 0 
25283 25 6605 1 1 1 1 1 1 1 1 1 1 1 1 1 1 1 1 1 1 1 1 1 1 1 1 0 
25284 25 7275 1 1 1 1 1 1 1 0 1 1 1 1 1 0 1 1 1 1 1 1 1 1 1 1 1 
25285 25 5251 1 1 1 1 1 1 1 1 1 0 1 0 0 1 1 1 0 1 1 1 0 1 1 1 1 
25286 25 4392 0 1 1 0 0 1 1 0 0 1 1 1 0 0 0 0 1 1 0 1 0 1 0 1 0 
25287 25 6279 1 1 0 1 1 1 1 0 1 1 1 1 1 1 0 1 0 1 1 1 1 1 1 1 1 
25288 25 3045 0 0 0 1 0 0 0 0 0 1 0 0 1 1 1 1 0 0 0 1 0 0 0 1 1 
25289 25 3206 0 1 1 1 0 0 0 0 1 1 0 0 0 0 0 1 0 0 0 1 1 1 0 0 0 
25290 25 6448 1 1 1 1 0 1 1 1 1 1 1 1 1 1 1 1 1 1 1 1 1 0 1 1 1 
25291 25 5842 0 1 1 1 0 1 1 1 1 1 0 1 1 1 1 1 1 0 0 1 0 1 1 1 1 
25292 25 6306 1 1 0 0 1 1 0 1 0 0 1 1 1 1 1 1 1 1 1 1 1 1 0 1 0 
25293 25 4870 0 0 1 0 0 1 1 1 0 0 1 1 0 1 1 1 0 0 1 1 0 0 1 1 0 
25294 25 2285 1 0 1 1 0 0 0 0 0 1 1 0 0 1 0 0 0 1 0 0 0 0 0 0 0 
25295 25 6255 1 1 1 1 1 1 1 1 1 1 1 1 1 1 1 1 1 1 1 1 1 1 1 1 1 
25296 25 5133 1 1 1 0 1 0 1 1 1 1 0 1 1 0 0 1 0 0 1 0 0 1 0 1 1 
25297 25 4236 1 1 1 1 1 1 1 1 1 1 1 1 1 0 0 1 1 1 1 1 1 1 1 1 1 
25298 25 2671 0 1 0 1 0 0 0 0 0 0 0 1 0 1 0 1 1 0 1 0 0 1 0 0 0 
25299 25 5383 1 1 1 1 0 1 1 1 1 1 1 0 1 1 1 1 1 1 1 1 0 1 1 1 1 
25300 25 2587 0 1 0 1 0 0 0 0 1 0 1 0 0 0 1 0 0 0 0 1 0 0 0 1 0 
25301 25 5666 1 1 0 1 1 1 1 1 1 1 1 0 1 0 1 1 1 1 1 1 1 0 0 1 1 
25302 25 2299 0 0 1 0 0 0 0 0 1 0 0 0 0 1 0 1 0 0 1 0 0 0 0 1 1 
25303 25 5746 1 1 1 1 0 1 1 1 0 1 0 0 0 1 1 1 1 1 1 0 1 1 1 0 1 
25304 25 5718 1 0 0 0 1 1 0 1 0 1 0 0 0 1 0 0 1 1 1 0 1 1 1 0 1 
25305 25 7076 1 1 1 1 1 1 1 1 1 1 1 1 1 1 1 1 1 1 1 1 1 1 1 1 1 
25306 25 3496 0 0 0 0 1 0 1 1 0 1 0 1 1 0 0 1 1 0 0 0 1 0 0 1 0 
25307 25 5448 0 1 0 1 1 1 1 1 1 1 1 1 0 0 0 1 1 1 1 0 1 1 1 1 1 
25308 25 6743 1 1 1 1 1 1 1 1 1 1 1 1 1 1 0 0 0 1 1 1 1 1 1 1 1 
25309 25 4991 1 1 1 1 1 1 1 1 1 1 1 1 1 1 1 1 1 1 1 1 0 1 0 1 1 
25310 25 6688 0 1 1 1 1 1 1 1 1 1 1 1 1 1 1 1 1 1 1 1 1 1 1 1 0 
25311 25 5211 1 0 1 1 1 1 0 1 1 1 1 1 0 1 1 1 1 1 0 1 1 0 1 0 0 
25312 25 3068 1 0 0 0 1 1 1 0 1 1 1 1 0 0 0 0 1 0 0 0 0 0 0 1 1 
25313 25 4845 1 0 1 1 1 1 1 0 1 0 0 0 1 1 1 1 1 1 1 1 1 0 1 1 0 
25314 25 1066 0 0 0 0 0 0 0 0 1 0 0 0 0 0 0 0 0 0 1 0 0 0 0 0 1 
25315 25 5209 0 1 0 1 1 0 1 1 1 1 1 1 1 1 1 1 0 1 1 1 0 1 0 0 0 
25316 25 5091 1 1 1 1 1 1 1 1 1 0 1 0 1 1 1 0 1 0 1 1 1 1 1 0 1 
25317 25 4764 1 1 1 0 0 0 1 1 0 1 0 1 1 0 0 0 1 0 0 1 0 1 1 0 0 
25318 25 1325 0 0 0 0 0 0 0 0 1 1 0 0 0 0 0 0 0 0 0 1 0 0 0 0 1 
25319 25 4340 0 0 1 1 1 1 1 0 1 1 1 1 0 0 1 1 0 0 0 1 1 0 1 0 1 
25320 25 6295 1 1 0 1 1 1 1 1 1 1 1 0 1 1 1 1 1 0 1 0 1 1 1 1 1 
25321 25 6757 1 1 1 1 1 1 1 0 0 1 0 1 0 1 1 0 1 1 0 1 1 0 1 1 1 
25322 25 4509 1 1 0 1 0 1 0 1 0 1 0 1 1 1 0 1 0 1 0 1 0 0 1 0 1 
25323 25 5555 1 1 1 1 1 1 1 1 1 1 1 0 1 1 1 1 1 1 1 1 1 1 1 1 1 
25324 25 6733 1 1 1 1 1 1 1 1 1 1 1 1 1 1 1 1 1 1 1 1 1 1 1 1 1 
25325 25 6176 1 1 0 1 1 1 0 1 1 0 1 1 1 1 0 1 1 0 0 1 0 1 0 1 1 
25326 25 2279 1 1 0 0 0 0 1 0 0 0 0 0 0 0 1 0 0 0 0 0 0 0 1 1 0 
25327 25 7011 1 1 1 1 1 1 1 1 1 0 0 1 1 0 1 1 1 1 1 1 0 1 1 1 1 
25328 25 4715 1 1 0 1 0 1 0 0 1 1 1 0 0 1 1 0 0 1 1 1 0 0 1 0 1 
25329 25 6658 1 1 1 1 1 1 1 1 1 1 1 1 1 1 1 1 1 1 1 1 1 1 1 1 1 
25330 25 3761 0 1 1 1 1 0 0 0 1 1 0 0 1 0 0 1 1 0 0 0 1 0 0 0 1 
25331 25 7213 1 1 1 1 1 0 1 1 1 1 1 1 1 1 1 1 1 1 1 1 0 1 1 1 1 
25332 25 6209 1 1 1 1 1 1 1 1 1 1 1 1 1 1 1 1 1 1 1 1 0 0 1 1 1 
25333 25 7076 1 1 0 0 1 1 1 1 1 1 1 1 0 1 0 1 0 1 1 1 1 1 1 1 1 
25334 25 4672 0 1 0 1 1 0 1 1 1 1 0 1 0 1 1 0 1 0 1 0 0 0 0 1 1 
25335 25 6262 1 1 1 1 1 1 1 1 1 1 1 0 1 1 1 0 1 1 1 1 1 1 1 1 1 
25336 25 2011 1 0 1 0 1 0 1 0 0 1 0 0 0 0 0 0 0 1 0 0 0 1 0 0 0 
25337 25 5188 1 1 1 1 0 1 1 0 1 0 1 0 1 1 1 0 1 1 1 0 1 1 1 1 1 
25338 25 6116 1 0 1 0 1 1 1 1 1 1 0 1 0 0 1 1 1 0 1 1 0 1 0 1 1 
25339 25 1042 0 0 0 1 0 0 0 1 0 0 0 1 0 0 0 0 0 0 1 0 0 0 0 0 0 
25340 25 6351 1 1 1 1 1 0 1 1 1 1 0 1 1 1 1 1 1 0 1 1 1 1 0 1 1 
25341 25 4167 1 1 0 0 0 0 0 1 1 0 1 1 0 1 0 1 1 0 0 1 1 1 1 1 0 
25342 25 3921 0 0 1 0 1 0 0 0 0 1 0 1 0 1 1 0 1 1 1 0 1 1 0 0 0 
25343 25 4810 1 1 1 1 0 1 0 1 1 1 1 1 1 0 1 1 1 0 1 0 0 1 1 0 0 
25344 25 6044 1 1 0 1 1 1 1 1 1 0 0 1 1 1 1 1 1 1 1 1 0 1 1 1 0 
25345 25 6002 0 1 1 1 1 1 1 0 0 1 1 1 1 1 1 1 0 1 0 1 1 0 1 1 1 
25346 25 5563 1 1 1 1 0 1 1 1 1 1 1 0 0 1 1 0 1 1 1 1 1 1 1 1 0 
25347 25 3702 0 1 0 1 1 0 1 1 0 0 1 0 0 0 0 1 1 0 1 1 0 0 0 1 0 
25348 25 5242 0 0 0 0 1 1 1 1 1 1 1 1 1 1 1 0 0 1 0 1 0 0 0 1 0 
25349 25 6437 1 0 1 1 1 0 1 1 1 0 1 1 0 1 1 1 1 1 1 1 1 1 1 1 1 
25350 25 2855 1 0 0 0 0 1 0 0 0 1 0 1 0 0 0 1 0 0 0 1 1 0 1 1 1 
25351 25 1919 0 0 0 0 0 1 1 1 0 0 0 1 0 0 0 0 1 0 0 1 0 0 1 0 0 
25352 25 6796 1 1 1 1 1 0 1 1 1 1 1 0 1 1 1 1 1 1 0 1 1 0 1 1 1 
25353 25 5964 1 1 0 1 1 1 0 0 0 1 0 1 1 1 0 1 1 0 1 0 1 0 1 0 1 
25354 25 3312 0 0 1 1 1 0 1 0 1 0 1 0 1 0 0 1 0 1 1 1 0 0 0 0 1 
25355 25 6554 0 1 1 1 1 0 1 1 1 1 1 1 1 1 0 1 1 1 1 1 1 0 1 1 0 
25356 25 1361 0 0 0 0 1 0 0 1 0 0 0 0 0 0 0 0 0 1 0 0 0 1 0 0 0 
25357 25 5754 1 1 1 1 0 1 1 1 1 1 1 1 0 1 1 1 1 1 1 1 1 1 1 1 1 
25358 25 6448 1 0 1 1 1 1 1 0 1 1 0 1 1 1 1 1 0 1 0 1 1 1 1 1 1 
25359 25 2439 1 0 0 1 0 0 0 1 0 0 0 0 0 1 1 0 0 0 0 0 0 1 0 0 1 
25360 25 4741 1 1 0 1 1 0 1 1 1 1 1 0 0 0 0 1 1 0 1 1 0 0 0 1 1 
25361 25 5599 1 1 0 1 1 1 1 1 1 1 1 1 0 1 0 1 1 1 1 1 1 0 1 0 1 
25362 25 3723 1 1 0 1 1 1 0 0 1 0 1 1 1 0 0 1 0 0 0 0 0 1 0 1 1 
25363 25 6838 1 1 1 1 0 0 1 1 1 1 0 1 1 1 0 1 1 1 1 0 1 1 1 1 0 
25364 25 3359 0 0 0 0 1 1 1 1 1 0 0 1 1 1 0 0 0 1 0 0 0 1 1 0 0 
25365 25 1725 0 1 0 1 0 0 0 0 0 1 0 0 0 0 0 0 0 0 1 0 0 0 1 0 1 
25366 25 4306 1 1 1 0 1 1 0 1 0 1 0 1 1 1 1 0 0 1 0 1 1 0 1 0 0 
25367 25 3709 1 0 1 0 0 0 0 0 0 0 1 0 0 0 0 1 1 0 0 0 0 1 1 1 1 
25368 25 3537 1 0 1 1 1 0 0 0 1 1 0 0 0 1 1 0 0 1 1 0 0 0 0 0 0 
25369 25 2866 0 1 0 1 0 0 1 0 1 0 0 1 0 0 0 0 0 0 1 1 0 0 0 1 0 
25370 25 4165 1 0 0 0 1 0 1 0 0 1 1 0 1 1 0 1 0 0 1 1 1 1 1 1 0 
25371 25 5258 1 1 1 1 1 1 1 1 1 1 1 1 1 1 1 1 1 1 1 1 1 1 1 1 1 
25372 25 1619 0 0 0 0 0 1 0 0 1 1 0 0 0 1 0 0 0 0 0 0 0 1 1 0 0 
25373 25 5421 1 1 1 1 1 1 1 1 1 1 1 1 0 1 0 1 1 0 0 1 1 1 1 0 1 
25374 25 4752 1 0 1 0 0 0 1 1 1 0 0 1 1 0 0 0 1 1 1 1 0 1 1 0 1 
25375 25 1500 0 0 0 0 0 0 1 1 0 0 0 0 0 1 0 0 0 0 0 0 0 0 0 0 1 
25376 25 5058 0 1 1 1 1 0 1 1 1 1 0 1 1 1 0 0 1 1 1 0 1 1 1 1 1 
25377 25 5427 1 1 1 1 1 1 1 1 1 1 0 1 1 1 1 1 1 0 1 0 1 1 0 1 1 
25378 25 1836 1 0 0 0 1 0 0 0 0 0 0 0 0 0 0 1 0 0 1 0 0 0 0 0 1 
25379 25 4774 1 1 1 0 0 1 0 0 0 1 1 1 1 1 0 1 1 1 1 0 0 0 1 1 0 
25380 25 6277 1 0 1 0 1 1 1 1 1 1 1 1 1 1 1 1 1 1 1 1 1 0 1 1 0 
25381 25 5556 1 1 0 1 0 1 1 1 1 1 0 0 1 1 0 0 1 1 0 1 0 1 1 0 0 
25382 25 4401 1 1 1 0 1 1 1 0 0 1 1 1 0 0 1 1 1 0 1 1 1 1 0 0 0 
25383 25 5689 1 1 1 1 1 1 1 1 1 1 1 1 1 0 1 1 1 1 1 1 1 1 1 1 1 
25384 25 4362 1 1 0 1 0 1 0 1 0 1 0 1 1 0 1 0 1 1 1 1 0 1 1 1 1 
25385 25 6152 0 0 1 1 1 0 0 1 1 1 1 1 1 1 1 0 0 1 1 1 1 1 1 1 1 
25386 25 5797 1 1 1 0 1 1 1 0 1 1 1 1 0 1 0 1 1 1 0 0 1 1 1 1 1 
25387 25 6354 1 1 1 0 0 1 1 1 1 1 1 1 0 1 1 1 1 1 1 1 1 1 1 1 0 
25388 25 4779 0 0 1 1 1 0 0 0 0 0 1 1 0 1 1 1 1 0 0 0 0 1 1 1 1 
25389 25 5911 1 1 1 1 0 1 1 1 1 1 1 1 1 1 0 1 1 1 0 1 1 0 1 1 0 
25390 25 4921 0 0 1 0 0 0 1 1 1 0 1 1 1 1 1 0 0 1 1 1 1 1 1 0 1 
25391 25 5460 1 1 0 1 1 0 1 0 1 1 0 1 0 1 1 1 1 0 1 0 1 1 1 1 0 
25392 25 1890 0 0 0 1 0 0 0 0 0 1 0 0 0 1 0 0 0 0 1 0 1 0 0 0 0 
25393 25 3439 1 0 0 1 0 1 0 1 0 1 0 0 0 0 0 0 1 0 1 1 0 0 0 1 0 
25394 25 4357 1 0 1 0 1 0 1 1 0 1 1 0 1 1 0 1 1 0 1 1 0 0 1 0 1 
25395 25 3387 0 0 1 1 0 1 1 0 1 1 1 1 1 1 0 0 1 0 0 1 0 1 0 1 0 
25396 25 6941 1 1 1 1 1 0 1 0 0 1 1 1 1 1 1 1 1 1 1 1 1 1 1 1 1 
25397 25 4689 0 1 0 1 0 1 1 1 0 1 1 1 1 1 0 0 0 1 1 1 0 1 0 0 0 
25398 25 3986 0 0 1 1 0 1 1 1 0 0 0 0 1 0 0 0 0 0 0 1 1 1 1 0 1 
25399 25 5280 1 1 1 1 1 1 1 1 1 1 1 1 1 1 1 1 1 1 1 1 1 1 1 1 1 
25400 25 4065 0 1 0 1 1 1 1 1 0 0 0 1 0 0 0 0 0 1 0 0 1 1 0 0 1 
25401 25 5659 0 1 1 1 1 1 0 1 1 1 1 1 1 0 1 0 0 1 1 1 1 1 0 1 0 
25402 25 4978 1 1 0 1 1 1 1 0 0 1 1 1 1 0 1 1 1 1 0 1 1 1 1 1 0 
25403 25 3426 0 1 0 0 0 0 1 1 0 1 1 0 1 0 1 1 0 0 0 0 0 1 1 1 0 
25404 25 4563 1 0 0 0 1 0 0 1 1 0 0 1 0 0 1 0 1 1 0 0 0 1 1 1 1 
25405 25 5362 1 1 1 1 1 1 1 1 0 0 1 1 1 1 1 1 0 1 1 1 1 1 1 1 1 
25406 25 6082 1 1 0 1 1 1 1 1 1 1 1 1 1 1 1 1 1 1 1 1 1 1 1 1 1 
25407 25 5062 0 1 0 1 1 1 0 0 1 0 1 0 1 1 1 1 0 1 1 1 1 1 0 1 0 
25408 25 6080 1 1 0 1 1 0 1 1 1 1 1 1 1 1 0 1 1 1 1 0 1 1 1 0 1 
25409 25 4849 0 1 1 0 0 0 0 0 0 1 1 1 1 0 0 0 1 1 1 0 1 1 1 1 1 
25410 25 6656 0 1 1 1 1 1 1 0 1 1 1 1 1 0 0 1 1 1 1 1 1 1 1 1 1 
25411 25 4797 1 0 0 1 0 1 0 0 1 1 0 1 1 1 0 1 1 1 0 1 0 1 1 0 0 
25412 25 5133 1 0 1 1 1 1 1 1 1 1 1 0 0 1 1 1 0 1 1 1 1 1 0 1 0 
25413 25 4870 1 1 1 1 0 0 0 1 1 0 1 0 1 0 1 1 1 1 1 1 1 1 0 1 1 
25414 25 5958 1 1 1 1 1 1 1 1 1 1 1 1 1 1 1 1 1 1 1 1 1 1 1 1 1 
25415 25 4229 1 0 0 1 1 0 1 1 0 0 1 1 1 1 0 0 1 1 1 1 1 0 0 0 0 
25416 25 3525 1 1 1 0 0 1 0 0 1 0 0 0 1 0 0 1 0 0 1 1 0 0 0 1 0 
25417 25 4813 1 1 1 1 1 1 1 0 0 1 1 1 1 1 1 1 1 1 1 1 1 1 1 1 1 
25418 25 3679 0 0 1 0 0 1 0 1 1 0 0 1 1 1 0 0 0 1 0 1 0 0 1 1 1 
25419 25 4474 0 1 1 0 0 0 0 0 1 1 1 1 0 0 1 0 1 0 0 1 0 1 1 1 1 
25420 25 4842 0 1 1 0 0 1 1 1 1 0 1 0 0 0 1 1 1 0 1 1 1 1 1 1 0 
25421 25 4481 0 0 1 0 1 1 1 0 1 0 1 1 0 0 0 0 1 0 1 0 0 0 1 1 1 
25422 25 4693 0 0 1 1 0 0 0 1 1 0 1 1 1 1 1 0 1 0 0 1 1 0 1 0 0 
25423 25 2597 0 1 0 0 0 0 1 1 1 0 1 0 0 0 0 0 1 0 0 1 0 0 1 0 0 
25424 25 2537 0 0 1 0 0 0 0 0 1 1 0 1 1 0 0 1 0 0 1 0 1 0 1 0 0 
25425 25 3904 0 1 1 1 1 1 0 0 0 0 0 1 1 0 0 1 1 1 0 0 1 0 1 1 0 
25426 25 2998 1 1 0 0 0 0 0 0 0 0 1 0 1 0 1 0 0 0 0 0 1 0 0 1 1 
25427 25 1685 1 1 0 0 1 0 0 0 1 0 0 0 0 0 0 0 1 0 0 1 0 0 0 0 0 
25428 25 5448 1 1 1 0 1 1 1 0 1 0 1 1 0 0 1 1 1 1 0 1 1 1 1 1 1 
25429 25 6830 1 1 1 1 1 1 1 1 1 1 1 1 1 1 1 1 1 1 1 1 1 1 1 1 1 
25430 25 3831 0 0 0 0 1 1 1 1 0 1 1 0 0 0 1 1 0 1 0 1 0 0 1 0 0 
25431 25 5044 0 0 1 1 0 1 1 1 1 1 1 1 1 1 1 1 1 1 1 1 0 1 1 1 1 
25432 25 3470 0 1 0 1 1 0 0 0 1 0 0 0 1 0 0 1 0 0 0 0 1 1 0 0 1 
25433 25 3643 0 0 1 1 1 0 1 0 1 0 0 0 1 1 0 0 1 1 0 0 0 1 0 1 1 
25434 25 5836 1 1 1 1 1 0 0 1 1 0 0 1 1 1 1 0 1 1 0 1 0 1 1 1 1 
25435 25 6923 1 1 1 1 1 1 0 1 1 1 1 1 1 1 1 1 1 0 1 1 1 1 1 1 0 
25436 25 6510 1 1 1 1 1 1 1 1 1 1 1 1 1 1 1 1 1 1 1 1 1 1 1 1 1 
25437 25 6985 1 1 1 1 1 1 1 1 1 1 1 1 1 1 1 1 1 1 1 1 1 1 1 1 1 
25438 25 5423 1 1 1 0 1 0 1 0 1 0 1 1 1 1 1 1 0 0 1 0 0 1 1 1 1 
25439 25 4997 0 1 1 0 1 0 1 0 0 0 1 0 1 0 1 1 1 1 1 1 0 1 1 1 0 
25440 25 4812 0 0 0 1 1 1 0 1 1 0 1 1 0 0 1 1 0 0 0 1 1 1 1 1 1 
25441 25 3643 0 1 1 1 1 0 0 1 1 0 1 0 1 0 1 1 0 1 1 1 1 0 1 0 0 
25442 25 6494 1 1 1 1 1 0 1 1 0 1 1 1 1 0 1 1 1 1 1 0 1 1 1 1 1 
25443 25 6302 1 1 0 1 1 1 1 1 1 0 1 1 1 1 1 1 1 1 1 1 0 1 1 0 1 
25444 25 6579 1 1 1 1 1 1 1 1 1 1 1 1 1 1 1 1 1 1 1 1 1 1 1 1 1 
25445 25 3157 0 0 0 1 1 0 0 1 1 0 0 1 0 1 1 0 0 1 0 0 0 0 0 0 1 
25446 25 4437 1 1 0 1 0 1 1 0 0 1 0 0 1 0 0 1 0 0 1 0 1 1 1 1 1 
25447 25 3160 1 1 0 0 0 1 0 0 0 0 0 0 0 1 0 0 0 1 1 0 1 1 1 0 1 
25448 25 5457 1 0 1 0 1 1 1 0 1 1 0 0 1 1 1 1 1 1 1 1 1 0 0 0 1 
25449 25 5752 1 1 1 1 1 1 1 1 1 1 1 1 1 1 1 1 1 1 1 0 1 0 1 1 1 
25450 25 3064 0 1 0 0 0 0 0 1 1 0 0 0 0 1 0 0 1 1 1 1 1 0 0 0 1 
25451 25 2874 0 1 0 0 1 1 1 0 1 0 1 0 0 1 0 0 1 0 1 0 0 0 0 0 0 
25452 25 5667 1 0 1 1 1 0 0 1 0 1 1 1 1 1 1 1 1 1 0 1 1 0 1 0 0 
25453 25 5795 1 1 1 1 1 1 1 1 1 1 1 1 1 1 1 1 1 1 1 1 1 1 1 1 1 
25454 25 5017 1 1 0 0 1 1 1 0 1 0 1 0 1 0 1 1 1 1 0 1 0 0 1 1 0 
25455 25 3560 0 1 0 1 0 1 0 1 1 1 0 0 0 1 0 1 0 1 1 1 0 0 0 1 0 
25456 25 4854 0 0 1 0 0 0 1 0 1 1 0 1 1 1 1 0 1 1 0 1 1 0 1 0 1 
25457 25 7163 1 1 1 0 1 1 1 1 1 1 1 1 0 1 1 1 1 1 1 1 0 1 1 1 1 
25458 25 6376 0 1 1 1 1 1 0 0 1 1 1 1 1 1 1 0 1 1 0 1 1 1 1 0 1 
25459 25 3917 1 0 0 0 1 0 1 1 1 0 0 1 1 1 0 1 1 0 0 1 0 0 1 0 0 
25460 25 5361 1 0 1 0 1 1 1 0 0 0 1 1 0 1 1 1 0 0 0 1 1 1 1 0 1 
25461 25 5340 1 1 1 1 0 0 1 1 1 0 0 1 1 0 0 1 0 1 0 1 1 1 0 0 0 
25462 25 5724 1 0 1 1 1 0 1 1 1 1 1 0 1 0 1 1 1 1 1 0 0 1 1 1 1 
25463 25 5466 0 1 1 0 1 1 1 1 1 1 0 1 1 1 0 0 1 0 1 1 1 0 0 1 1 
25464 25 6866 1 1 1 1 1 1 1 1 1 1 1 1 0 1 1 1 0 1 1 1 1 0 0 1 1 
25465 25 5143 1 1 0 1 1 0 1 1 1 0 0 1 0 1 0 0 1 0 0 0 1 1 0 1 1 
25466 25 3180 0 0 0 1 0 1 0 1 0 1 0 0 1 1 1 0 0 0 0 1 0 0 1 0 0 
25467 25 3852 0 1 1 1 0 0 1 0 1 1 0 0 1 1 0 0 0 0 1 1 0 0 1 0 1 
25468 25 5558 1 1 1 1 1 1 1 1 0 1 1 1 1 1 0 1 1 1 1 1 1 0 1 1 0 
25469 25 4668 1 0 0 0 1 1 0 1 0 1 1 1 1 0 1 1 0 1 0 0 1 1 1 0 1 
25470 25 3729 0 1 0 1 1 0 1 1 0 1 0 1 0 1 1 1 1 0 0 1 0 0 0 0 0 
25471 25 7356 1 0 1 1 1 1 1 1 1 1 1 1 1 1 1 0 1 1 1 1 1 1 1 1 1 
25472 25 1219 0 0 0 0 0 0 0 0 0 0 1 0 0 0 1 0 0 0 0 1 0 0 0 0 0 
25473 25 2542 0 0 0 0 1 0 0 0 0 0 0 1 0 1 0 0 1 0 0 1 0 1 1 0 0 
25474 25 2428 0 0 0 0 1 1 0 0 1 0 0 1 0 0 0 0 1 0 1 0 0 0 0 1 1 
25475 25 5355 1 1 1 0 1 1 1 0 1 1 1 0 1 0 1 0 0 1 1 1 0 1 1 0 0 
25476 25 6532 1 1 1 1 1 1 1 1 1 1 1 1 1 1 1 1 1 1 1 1 1 1 1 1 1 
25477 25 5829 1 1 0 1 0 1 0 1 1 1 1 1 0 1 0 1 1 1 0 1 1 1 1 1 1 
25478 25 4273 0 1 1 1 1 1 1 0 0 0 0 0 1 1 1 0 1 1 1 1 1 0 0 1 0 
25479 25 5407 1 1 0 0 1 1 0 0 1 1 0 1 1 0 1 0 1 1 1 1 1 1 1 1 1 
25480 25 4386 0 1 1 1 1 0 1 1 1 1 0 0 0 0 0 1 1 0 0 0 0 1 0 1 1 
25481 25 6217 1 1 1 1 0 0 1 1 1 1 1 1 1 1 1 1 1 1 1 1 0 1 1 1 1 
25482 25 3788 0 1 1 0 0 1 1 0 1 0 1 0 0 0 0 1 0 1 1 1 1 0 0 0 0 
25483 25 5322 0 0 1 1 0 0 0 1 1 1 1 1 1 1 1 1 1 0 1 1 0 1 1 1 1 
25484 25 2349 0 0 1 0 0 1 0 1 0 0 1 1 0 0 1 0 0 0 0 0 0 0 1 0 1 
25485 25 5876 1 1 0 1 1 1 1 1 0 1 1 1 1 1 1 1 1 1 0 1 0 1 0 1 1 
25486 25 4386 1 0 1 0 1 0 1 0 1 1 1 1 0 0 1 0 1 0 1 1 0 1 1 0 0 
25487 25 4961 1 0 1 1 0 0 1 1 0 0 0 1 0 0 1 1 1 1 0 1 1 1 1 1 1 
25488 25 2704 0 0 0 0 1 0 0 1 1 0 0 0 0 1 0 1 0 0 1 1 0 1 1 0 0 
25489 25 4707 0 1 0 0 0 1 0 1 0 0 1 1 1 1 0 0 0 1 1 0 1 1 0 0 1 
25490 25 4338 1 1 1 1 1 1 1 1 1 1 1 1 1 1 1 1 1 1 1 1 1 1 1 1 1 
25491 25 2982 1 0 0 0 0 1 0 0 0 1 1 0 0 0 1 0 1 0 0 0 1 0 0 0 0 
25492 25 5277 1 1 1 1 1 1 1 1 1 1 1 1 1 1 1 1 1 1 1 0 1 1 1 1 1 
25493 25 4728 1 1 1 0 1 1 0 1 1 1 0 1 0 0 0 0 1 0 0 1 1 0 0 0 1 
25494 25 5537 1 1 0 1 0 0 0 1 1 1 1 1 0 0 1 1 0 1 1 1 1 1 1 0 1 
25495 25 6524 1 1 1 1 1 1 0 1 0 1 0 1 1 1 1 1 1 1 1 1 1 1 1 0 1 
25496 25 5988 1 1 1 1 0 1 1 1 1 1 1 1 0 0 1 1 1 1 1 1 0 1 1 1 1 
25497 25 6618 1 1 0 1 0 1 1 1 1 0 1 1 1 1 1 1 0 1 1 1 1 1 1 1 0 
25498 25 6262 1 1 1 0 1 1 0 0 1 1 1 1 1 1 1 1 1 1 1 1 1 1 1 0 1 
25499 25 5027 1 1 1 1 1 1 0 1 1 1 1 0 1 0 1 1 0 1 1 1 0 0 0 1 0 
25500 25 1913 1 0 1 0 0 0 0 0 0 0 0 0 1 0 0 0 1 0 0 1 0 1 0 0 0 
