37001 37 1650 0 0 0 0 1 1 0 0 0 0 0 0 1 1 0 0 0 1 0 0 0 0 1 0 0 0 0 0 0 0 0 0 0 0 0 0 0 
37002 37 5910 0 0 0 1 1 1 1 0 1 0 0 0 0 0 1 1 1 0 0 1 0 0 1 0 0 0 0 1 1 1 1 0 1 1 0 1 0 
37003 37 7787 0 1 1 1 1 1 0 0 0 0 1 0 1 1 1 0 1 1 1 0 0 1 1 0 1 1 1 1 1 1 1 0 1 0 0 1 1 
37004 37 8499 0 1 1 1 0 0 1 1 1 1 1 0 0 1 1 1 1 0 1 1 1 1 0 1 1 0 1 1 1 1 0 1 1 1 1 1 1 
37005 37 9902 1 1 1 1 1 1 1 1 1 0 1 1 1 1 0 1 0 1 1 1 1 1 1 1 1 1 1 1 1 0 1 0 1 1 1 1 1 
37006 37 7359 0 0 1 1 1 1 1 1 1 1 1 0 1 0 0 1 1 0 1 1 0 0 1 0 0 0 1 1 1 0 1 1 1 0 0 1 1 
37007 37 3405 0 1 0 0 1 0 0 0 0 0 1 1 0 0 1 0 0 1 0 1 1 1 0 0 0 0 0 0 0 1 1 0 0 0 0 0 1 
37008 37 3148 0 1 0 0 0 0 1 1 0 1 0 0 0 0 0 0 1 0 1 0 0 0 1 0 0 0 1 0 0 0 0 0 0 0 0 1 0 
37009 37 8534 1 1 1 1 1 1 1 1 1 1 1 1 1 1 1 1 1 1 1 1 1 1 1 1 1 1 1 1 1 1 1 1 1 1 1 1 1 
37010 37 2739 1 0 0 1 0 0 0 1 1 0 0 1 0 1 0 0 0 0 0 0 1 0 0 0 0 0 0 0 1 1 1 1 0 0 1 0 0 
37011 37 6369 1 1 0 0 1 1 0 1 1 0 0 1 1 1 1 0 0 0 0 0 0 0 1 0 0 0 0 1 0 1 0 1 1 1 1 1 0 
37012 37 4048 1 0 1 0 0 1 0 1 0 0 0 0 0 0 0 0 1 0 0 0 0 1 1 0 1 0 0 0 0 0 0 1 0 0 0 1 0 
37013 37 6141 1 0 1 1 1 0 0 1 0 1 1 1 0 0 0 1 0 1 0 1 1 0 1 1 0 0 1 1 0 1 0 0 0 0 0 1 1 
37014 37 7828 1 1 1 0 1 1 1 0 0 1 1 1 0 1 1 1 0 0 0 1 0 0 1 1 1 1 1 1 1 1 0 1 1 1 1 0 1 
37015 37 9721 1 1 1 1 1 1 1 1 1 1 1 1 1 1 1 1 1 1 1 1 1 1 1 1 1 1 1 1 1 1 1 1 1 1 1 1 1 
37016 37 7520 1 0 1 0 0 1 0 1 0 1 1 1 1 1 1 1 1 0 0 1 1 1 1 1 1 1 0 1 1 1 1 1 1 0 1 1 1 
37017 37 5916 1 0 0 1 0 0 1 1 0 0 1 0 1 1 0 1 0 1 1 1 1 0 0 1 1 0 1 0 1 0 0 0 1 0 0 0 1 
37018 37 8724 0 1 1 1 1 1 0 0 1 0 1 1 1 1 0 1 1 1 1 1 0 0 1 1 1 1 0 1 1 1 1 1 1 0 1 1 1 
37019 37 6495 1 0 0 0 1 1 0 1 1 1 1 1 0 0 0 0 0 1 0 1 1 1 0 0 1 1 0 1 0 1 0 0 0 1 0 1 1 
37020 37 5736 1 1 1 0 1 0 0 0 1 0 1 0 1 0 1 1 1 0 0 1 1 0 1 0 1 0 1 0 0 1 0 1 0 1 1 1 1 
37021 37 7363 0 1 1 1 1 1 1 1 1 0 0 1 1 1 1 1 0 1 0 0 1 1 1 0 1 1 0 1 1 1 0 1 0 1 0 1 1 
37022 37 6230 1 0 0 0 1 1 0 0 1 1 0 0 0 0 1 0 1 1 0 1 0 1 1 0 1 0 1 0 0 0 1 0 0 1 1 0 1 
37023 37 6328 0 1 0 1 0 0 1 0 0 1 1 1 0 1 1 0 1 0 0 1 0 1 0 0 1 0 0 1 1 0 1 1 1 1 0 0 0 
37024 37 8185 0 0 1 1 1 1 1 1 1 1 0 1 1 1 0 1 1 1 1 1 1 1 1 0 0 1 1 1 1 1 1 0 1 1 1 1 1 
37025 37 7721 1 0 0 1 0 1 1 1 1 1 1 1 1 1 1 0 0 1 1 1 1 0 1 0 1 0 1 0 1 1 1 0 0 0 1 1 1 
37026 37 8011 1 1 1 1 1 1 1 1 1 1 1 1 1 1 0 0 1 1 1 1 1 1 0 1 1 0 0 1 1 0 0 1 0 1 1 1 1 
37027 37 7998 0 0 1 1 1 0 0 1 1 0 1 0 0 1 1 1 1 1 0 1 1 0 1 1 0 1 1 0 1 0 1 1 1 1 1 1 1 
37028 37 7461 1 1 1 1 1 1 1 1 1 1 0 1 1 1 1 1 1 0 1 1 1 1 1 1 1 1 1 0 1 0 1 1 1 1 1 0 0 
37029 37 9245 1 1 1 1 1 1 1 1 1 1 1 0 1 1 1 1 1 1 1 1 1 1 1 1 1 1 1 1 1 1 1 1 1 1 1 1 1 
37030 37 4964 0 0 0 1 1 1 1 0 0 1 0 1 0 0 0 1 0 0 0 0 0 0 1 1 0 0 1 1 0 0 1 1 1 1 0 0 0 
37031 37 7440 1 1 1 0 1 1 0 1 1 0 1 1 0 1 1 1 0 1 1 1 1 1 1 1 1 1 0 1 1 1 1 1 1 1 0 0 1 
37032 37 8600 1 1 1 0 0 1 1 1 1 1 1 1 0 0 1 0 1 1 1 1 1 0 0 1 1 0 1 0 0 1 1 1 1 1 1 1 0 
37033 37 8020 0 1 1 0 1 1 1 1 1 0 1 1 0 0 0 0 1 1 1 0 1 0 1 0 1 1 1 1 1 0 1 1 0 1 1 1 0 
37034 37 8934 1 1 1 1 0 1 0 0 1 1 1 0 1 1 1 1 1 1 1 0 1 1 1 1 1 0 1 0 1 1 1 0 1 1 1 1 1 
37035 37 9759 1 0 1 1 1 1 1 1 1 1 1 1 1 1 1 1 1 1 1 1 1 1 1 1 1 1 1 1 1 1 1 1 1 1 1 1 1 
37036 37 8937 1 1 1 0 1 1 1 1 1 1 0 1 1 0 1 0 0 1 1 1 1 1 1 1 1 0 1 1 1 1 1 1 1 1 1 0 1 
37037 37 9210 0 1 1 1 1 1 1 1 1 1 1 1 1 1 1 1 1 1 1 1 1 1 1 1 1 1 0 1 1 1 1 1 1 1 1 1 1 
37038 37 8632 1 1 1 0 1 0 1 1 0 1 1 0 1 1 1 1 0 1 0 1 1 1 1 1 0 0 1 0 1 1 1 0 1 1 1 0 1 
37039 37 2651 0 0 0 0 0 1 0 0 0 0 1 0 0 1 0 0 0 1 0 0 0 1 0 0 0 0 0 1 0 0 0 1 0 0 0 0 0 
37040 37 9340 1 0 0 1 1 1 1 0 0 1 0 1 0 1 1 1 1 1 0 1 1 1 1 1 1 1 1 1 1 1 1 1 1 1 1 1 1 
37041 37 7185 0 0 0 1 1 0 1 0 1 0 1 1 1 0 1 0 0 1 1 1 1 1 1 1 1 0 1 1 1 1 0 1 1 0 0 1 0 
37042 37 3803 1 0 1 0 0 0 0 0 1 0 0 1 1 0 0 1 0 0 0 1 0 0 0 1 0 1 0 0 1 0 1 0 0 0 0 0 0 
37043 37 6273 1 1 1 0 0 0 0 0 0 1 0 1 1 0 1 0 1 1 0 0 1 0 0 1 0 1 1 1 0 1 0 1 0 1 1 0 1 
37044 37 5144 0 0 0 0 0 0 0 1 1 1 0 0 1 0 0 1 1 1 0 0 1 1 0 0 1 0 0 1 1 1 1 0 0 0 1 0 1 
37045 37 8243 1 1 1 1 1 1 1 1 0 0 1 0 1 1 0 1 1 1 0 1 0 1 1 0 0 1 0 1 1 1 1 1 0 1 1 1 1 
37046 37 6938 1 1 0 0 1 0 1 1 0 0 0 0 0 1 0 1 0 0 0 0 1 1 1 1 0 1 1 0 1 1 1 1 0 0 1 1 1 
37047 37 4097 1 0 1 0 0 1 0 0 1 0 1 0 1 0 0 0 0 0 1 0 0 0 1 1 1 0 0 0 1 0 0 0 1 1 0 0 0 
37048 37 1352 0 0 0 0 0 1 0 0 0 0 0 0 0 0 0 1 0 0 1 0 0 0 0 0 0 0 1 0 0 0 1 0 0 0 0 0 0 
37049 37 8220 0 1 0 1 1 0 1 1 1 1 1 1 1 0 1 1 1 1 1 0 1 1 1 1 1 1 1 1 1 1 1 0 1 1 1 1 1 
37050 37 5518 1 0 0 0 0 1 1 0 0 1 0 1 0 1 1 0 1 0 0 0 0 0 0 0 1 1 0 1 0 0 0 1 0 1 0 1 1 
37051 37 9270 1 1 1 1 1 1 1 1 1 1 1 1 1 1 1 1 1 1 1 1 1 1 1 1 1 1 1 1 1 1 1 1 1 1 1 1 1 
37052 37 8151 1 1 1 1 1 0 1 1 1 1 1 1 0 1 1 1 1 1 1 1 1 1 1 1 1 1 1 1 1 1 1 1 1 1 1 1 0 
37053 37 3408 1 1 1 0 0 0 0 0 0 1 1 1 0 0 0 1 0 1 1 0 1 0 0 0 0 0 0 0 0 0 1 0 0 0 0 0 0 
37054 37 7973 1 1 1 1 1 1 0 1 1 1 1 1 0 1 1 0 1 1 1 0 1 1 1 1 1 1 0 1 1 1 0 1 1 0 1 1 0 
37055 37 3789 1 0 1 1 0 0 0 0 1 0 0 1 1 1 0 1 0 0 0 0 1 0 0 1 0 1 0 1 0 0 1 1 0 0 0 0 0 
37056 37 9686 1 1 0 1 1 1 0 1 1 1 1 1 1 1 1 0 1 1 1 1 1 0 1 1 1 1 1 1 0 1 1 1 1 1 1 1 1 
37057 37 3611 0 0 1 0 1 0 0 0 0 1 0 0 0 1 0 0 0 0 0 1 1 1 0 0 0 0 1 1 0 0 1 0 0 0 0 0 0 
37058 37 4413 1 0 1 1 1 0 1 0 1 1 0 0 1 1 1 1 0 0 0 0 0 0 1 0 0 0 0 1 0 0 1 0 0 1 1 0 0 
37059 37 8317 1 1 1 1 1 1 1 1 1 1 1 1 1 1 1 0 1 0 1 1 0 1 1 1 1 1 1 1 0 1 1 0 1 1 1 1 0 
37060 37 5834 1 0 0 0 1 1 1 0 0 1 0 1 0 1 1 1 0 1 1 0 1 1 0 0 0 1 0 1 0 0 1 0 0 1 1 1 0 
37061 37 9674 1 0 1 1 1 1 1 1 1 1 1 1 1 1 1 1 1 0 1 0 1 1 1 1 1 1 1 1 1 0 1 1 1 1 1 1 1 
37062 37 8440 1 1 1 0 1 1 1 1 1 1 1 1 1 1 1 1 1 1 1 0 1 1 1 0 1 0 1 0 1 1 0 0 1 1 1 1 1 
37063 37 4089 0 0 0 0 0 1 0 0 0 0 1 1 0 1 1 0 1 1 0 0 0 1 0 0 0 1 0 0 0 0 0 1 0 1 0 0 1 
37064 37 1797 0 0 0 0 0 0 0 0 0 0 0 1 0 0 0 0 0 0 0 0 1 0 0 0 0 0 1 0 0 1 0 0 0 0 0 1 0 
37065 37 8465 1 1 1 0 0 1 0 0 1 1 1 1 1 0 1 0 0 1 1 1 0 0 1 0 1 1 0 0 1 1 1 1 1 1 1 0 1 
37066 37 6484 1 1 1 1 0 1 0 0 1 0 0 1 1 0 0 0 1 0 1 0 1 0 1 1 0 0 1 0 1 0 1 0 1 0 1 1 0 
37067 37 5581 0 1 0 1 0 1 0 1 0 0 0 1 1 0 1 1 1 1 0 1 0 0 0 1 0 0 0 1 1 0 0 1 0 0 1 1 0 
37068 37 8519 1 1 1 1 1 1 1 1 1 1 1 1 1 1 1 1 1 1 1 1 1 1 1 1 1 1 1 1 1 1 1 1 1 1 1 1 1 
37069 37 7366 1 0 1 0 0 0 1 0 1 1 1 0 1 1 1 0 0 1 1 0 1 1 0 1 0 1 1 1 1 1 0 1 1 1 0 1 0 
37070 37 8805 1 1 1 1 1 0 1 1 1 0 0 1 1 1 0 1 1 1 1 1 1 1 1 1 1 1 1 1 0 0 1 1 1 1 1 1 1 
37071 37 9369 1 1 1 1 1 1 1 1 1 0 1 1 1 0 1 0 1 1 1 1 0 0 1 1 0 1 1 1 1 1 1 1 1 1 1 1 1 
37072 37 7222 1 1 1 0 1 1 1 1 0 1 0 1 0 0 1 0 1 1 0 0 0 1 1 0 0 1 1 1 1 1 1 1 1 0 0 0 1 
37073 37 9504 1 1 1 1 1 1 1 1 1 1 0 1 1 0 1 1 1 1 0 1 0 1 0 1 1 0 1 1 1 1 1 1 1 0 1 0 1 
37074 37 8992 1 1 1 0 1 1 1 1 0 0 1 1 1 1 0 1 1 1 1 1 1 1 1 1 1 0 1 0 1 1 0 1 1 1 1 1 1 
37075 37 9406 1 1 1 1 1 1 1 1 1 0 1 1 1 1 0 1 1 1 1 0 1 1 1 1 1 1 1 1 1 1 1 1 1 1 1 1 0 
37076 37 10243 1 1 0 1 1 1 1 1 1 1 1 1 1 1 1 0 1 1 1 0 1 1 1 1 1 1 1 1 1 1 1 1 1 1 1 1 1 
37077 37 2420 0 0 0 0 0 0 0 1 0 1 1 0 0 1 0 0 1 0 0 0 0 0 1 0 1 0 0 0 0 0 0 0 0 0 0 0 0 
37078 37 3918 1 1 0 0 0 0 1 0 1 0 0 0 0 0 0 1 1 1 0 0 0 0 0 0 0 0 0 0 0 1 1 0 0 0 0 1 0 
37079 37 5439 0 0 0 0 0 1 0 0 1 1 1 1 0 0 1 1 1 1 1 0 0 0 1 1 0 0 0 1 1 0 1 0 1 1 1 1 0 
37080 37 2337 0 1 0 0 0 0 0 0 0 0 0 0 0 0 0 0 0 0 0 0 1 0 1 0 0 1 0 0 0 1 0 1 0 0 0 0 0 
37081 37 2209 0 0 0 0 0 0 0 0 0 0 0 0 1 0 1 0 0 1 0 0 0 0 0 0 0 0 1 0 0 1 0 0 0 0 0 1 0 
37082 37 2660 0 1 0 0 0 0 0 1 0 0 0 0 1 0 1 0 1 0 0 0 1 0 0 0 1 0 1 1 0 0 0 0 0 0 0 0 0 
37083 37 9459 1 1 1 1 1 1 1 0 0 1 1 1 1 1 1 1 1 1 0 1 1 1 0 1 1 0 1 1 0 1 1 1 1 1 1 1 1 
37084 37 9214 1 1 1 1 1 1 1 1 0 1 1 1 0 1 1 1 1 1 1 0 1 1 0 1 1 1 1 1 1 1 1 0 1 1 1 1 1 
37085 37 7142 1 1 1 0 0 1 0 0 0 0 1 1 1 1 0 1 1 0 0 1 1 1 0 1 0 1 1 0 1 0 1 1 1 0 0 1 0 
37086 37 7456 1 1 1 1 1 1 0 1 1 1 1 1 1 1 1 1 1 1 1 1 1 1 1 1 1 1 1 1 1 1 1 1 1 1 1 1 1 
37087 37 8904 1 1 1 1 0 1 1 0 1 1 1 1 0 1 1 1 1 1 1 1 1 1 0 1 0 1 1 1 1 1 1 1 1 1 1 1 1 
37088 37 6303 1 1 1 0 0 0 1 0 0 0 1 1 1 1 0 0 1 1 0 0 1 1 1 1 1 0 1 1 0 0 0 1 1 1 1 1 1 
37089 37 9081 1 1 0 1 0 1 1 0 0 1 0 1 1 1 0 1 1 1 1 0 1 1 1 1 0 1 1 0 1 1 1 1 1 1 0 1 1 
37090 37 8538 1 1 1 1 1 1 1 1 1 1 1 1 1 1 1 1 1 1 1 1 1 1 1 1 1 1 1 0 1 1 1 1 0 1 1 1 1 
37091 37 9747 1 0 1 1 0 0 0 1 1 1 1 1 1 1 1 1 1 1 0 1 1 1 0 0 1 1 1 1 1 1 1 1 1 1 1 0 1 
37092 37 5954 1 0 0 0 0 1 1 0 1 0 1 0 1 1 0 0 1 1 1 0 0 1 0 1 0 1 0 0 0 1 1 0 0 1 0 1 1 
37093 37 7358 1 0 1 1 1 1 0 1 1 0 1 1 1 0 0 1 1 0 1 0 1 0 1 1 1 1 1 1 0 0 1 0 1 1 0 1 1 
37094 37 8459 1 1 0 1 0 1 1 0 0 1 0 1 0 1 1 1 0 1 1 1 1 0 1 1 1 1 0 1 1 1 0 1 1 0 0 0 1 
37095 37 6638 0 1 0 0 1 1 0 1 1 0 1 1 1 1 0 0 1 1 1 1 0 1 1 1 1 1 1 1 1 0 0 0 1 0 0 0 0 
37096 37 8807 1 1 1 1 1 1 1 1 1 1 1 1 1 1 1 1 1 1 1 1 1 1 1 1 1 1 1 1 1 1 1 1 1 1 1 1 1 
37097 37 9528 1 0 1 1 1 1 1 1 1 1 1 1 1 1 0 1 1 1 1 1 1 1 1 1 1 0 0 1 1 1 1 1 1 1 1 1 0 
37098 37 7400 0 0 1 1 1 1 0 1 1 1 0 1 1 1 1 0 0 1 1 1 1 1 1 1 0 1 0 0 1 1 1 1 0 1 0 1 1 
37099 37 6406 0 0 0 0 1 1 1 0 0 0 1 0 0 1 1 1 1 1 1 0 1 1 0 0 1 1 0 1 1 0 0 0 1 0 1 1 1 
37100 37 8418 1 1 0 1 1 1 0 0 1 1 1 1 1 1 1 1 1 1 1 1 1 0 1 1 1 1 0 1 1 1 1 1 1 1 0 1 1 
37101 37 6714 1 1 1 1 0 0 0 0 0 1 1 0 0 1 0 0 1 1 0 1 1 0 1 0 1 0 1 1 1 0 0 1 1 1 0 0 0 
37102 37 5405 0 0 1 0 0 1 1 0 1 0 0 1 1 1 0 1 0 0 1 1 1 1 1 1 0 0 0 0 0 1 0 0 1 0 1 1 0 
37103 37 6604 0 0 0 1 1 1 1 1 1 0 0 0 0 0 0 1 1 0 1 1 1 0 1 0 1 1 1 0 1 0 1 1 0 0 0 0 1 
37104 37 3693 1 0 0 1 0 0 0 0 0 0 0 0 0 0 0 1 0 1 1 1 0 0 0 1 1 1 1 0 0 0 1 1 1 0 0 0 0 
37105 37 5365 0 0 1 0 1 0 0 0 0 1 1 0 1 0 0 0 0 1 0 0 1 1 0 0 0 0 1 1 0 1 1 0 1 1 1 0 1 
37106 37 7765 1 1 1 1 1 1 1 1 0 1 1 1 0 1 1 1 1 1 1 1 1 0 1 1 1 1 1 1 0 1 1 0 0 1 1 1 1 
37107 37 9097 1 1 1 1 1 1 0 1 1 1 1 1 1 1 1 1 1 0 1 1 1 1 1 1 0 1 0 1 1 1 1 1 0 1 1 1 1 
37108 37 9352 1 1 1 1 1 1 1 1 1 1 1 1 1 1 1 1 1 1 1 1 1 1 1 1 1 1 1 1 1 1 1 1 1 1 1 1 1 
37109 37 8392 1 1 1 1 1 1 1 0 1 0 1 0 0 1 1 1 1 1 0 1 1 1 1 1 1 1 1 1 1 1 1 1 1 1 1 1 1 
37110 37 6240 0 1 1 0 0 1 1 1 0 1 0 1 1 1 0 1 1 0 0 0 1 1 1 0 0 0 1 0 1 0 1 1 0 1 1 0 0 
37111 37 7064 0 0 0 1 0 1 0 1 1 0 1 1 0 0 1 1 1 0 0 1 0 1 0 0 1 1 0 1 1 1 0 1 0 1 1 1 0 
37112 37 7759 1 0 0 0 0 1 0 1 1 1 0 1 1 1 0 1 1 0 1 0 1 1 1 1 0 0 0 1 1 0 0 0 1 1 0 1 1 
37113 37 5392 0 0 1 1 0 1 0 1 1 1 1 0 0 1 0 0 1 1 1 0 0 0 0 1 1 0 0 0 0 0 0 1 0 1 1 1 1 
37114 37 7326 1 1 1 1 1 1 1 0 1 1 1 1 1 1 0 1 0 0 1 0 0 0 1 0 0 0 1 1 1 1 1 0 1 0 1 1 1 
37115 37 7310 1 0 1 1 1 1 0 0 0 0 1 1 1 0 1 1 1 1 1 0 0 1 0 0 1 1 0 1 1 0 1 0 1 0 1 1 0 
37116 37 3940 0 1 1 1 0 0 0 0 0 0 1 1 1 1 0 1 0 0 0 1 0 0 1 0 0 0 0 0 0 1 1 1 0 0 0 1 0 
37117 37 9268 1 1 1 1 1 0 1 1 1 0 1 1 1 1 1 0 1 1 1 1 1 1 1 1 1 1 1 1 1 0 1 0 1 1 0 0 1 
37118 37 8902 1 1 1 1 1 0 1 0 1 1 0 1 1 1 1 1 1 1 1 0 1 1 1 1 0 1 1 1 1 1 1 1 1 1 1 1 0 
37119 37 8072 0 1 1 1 0 1 1 1 0 1 1 1 1 0 0 1 1 1 1 1 1 1 1 1 0 0 1 1 1 0 0 1 0 0 0 1 0 
37120 37 5911 1 1 1 1 1 0 1 1 0 1 1 0 1 0 0 0 1 0 0 1 0 1 0 0 0 1 0 1 0 1 1 1 0 0 0 0 1 
37121 37 8363 1 1 1 1 0 1 1 0 1 1 0 1 0 1 1 1 1 1 1 0 0 1 1 1 0 1 1 1 0 1 1 1 1 1 1 1 1 
37122 37 3734 1 1 1 1 0 0 1 0 0 0 0 0 1 0 1 1 0 0 0 1 0 0 1 0 0 1 0 0 0 0 0 1 0 1 0 0 1 
37123 37 9568 1 1 1 1 0 1 1 1 1 0 1 1 0 1 1 1 1 1 1 1 1 1 1 1 1 1 1 0 1 0 1 1 1 1 0 1 1 
37124 37 3483 0 1 0 0 0 0 1 0 0 1 0 0 0 1 1 1 0 0 1 0 0 0 0 0 0 0 0 1 0 1 0 0 1 0 1 1 0 
37125 37 9164 1 1 1 1 0 1 1 0 1 1 1 1 0 0 1 0 1 1 1 1 1 1 1 1 1 1 0 1 0 1 1 1 1 1 1 1 1 
37126 37 9278 1 1 1 1 1 1 1 0 1 1 1 1 0 1 1 1 1 1 1 1 1 1 1 1 1 1 1 1 1 0 1 1 1 1 1 1 1 
37127 37 5396 0 0 0 1 0 1 0 0 1 0 1 0 0 0 0 0 1 1 1 0 0 1 1 0 1 0 0 1 0 0 1 0 0 1 1 0 0 
37128 37 6426 1 1 0 0 0 1 1 1 1 1 0 1 1 0 0 0 0 1 0 0 1 1 0 1 0 1 0 1 0 0 0 0 1 0 1 1 0 
37129 37 5381 1 1 1 1 1 0 0 0 0 0 1 0 0 1 1 1 0 1 1 0 1 0 1 0 1 0 1 1 0 0 0 1 1 0 0 0 0 
37130 37 2754 1 0 1 0 0 0 0 1 0 0 1 0 0 0 0 0 0 1 0 0 1 0 0 0 0 0 0 0 0 0 0 0 0 0 0 0 1 
37131 37 2981 0 0 0 1 0 0 1 0 1 1 0 0 0 1 0 1 0 0 0 0 0 1 0 0 1 1 0 0 0 0 0 0 1 0 0 1 0 
37132 37 8156 1 1 1 1 1 1 1 1 1 1 1 1 1 0 1 1 1 1 1 1 0 1 1 1 1 1 1 0 1 0 1 1 1 1 1 1 1 
37133 37 5656 0 1 0 1 1 0 0 1 1 0 1 1 0 1 1 1 1 1 0 0 1 0 1 1 1 0 1 0 1 0 0 0 0 1 0 1 1 
37134 37 5224 1 0 1 0 1 0 0 1 1 0 0 1 0 0 1 0 0 0 1 0 0 0 1 1 0 0 0 1 0 0 1 1 0 1 1 0 0 
37135 37 9619 1 1 1 1 1 1 1 0 1 1 1 1 1 1 1 1 1 1 1 1 1 1 1 1 1 1 1 1 1 1 1 1 1 1 1 1 1 
37136 37 8481 1 1 1 1 1 1 0 1 1 1 1 1 1 1 1 1 1 0 1 0 1 1 1 0 1 1 1 0 1 1 0 1 1 1 1 1 1 
37137 37 7955 0 1 1 0 0 0 1 0 1 1 0 0 1 1 0 1 0 1 1 1 1 0 1 1 1 0 1 1 1 1 1 1 1 1 0 0 1 
37138 37 3681 0 0 1 0 1 0 0 0 0 0 0 1 0 0 1 0 0 0 0 0 1 0 1 1 1 0 0 0 0 0 1 0 0 1 0 0 0 
37139 37 8621 1 1 1 0 0 1 0 1 0 1 1 0 0 1 1 1 0 1 1 1 0 0 1 0 1 1 1 1 1 1 1 0 0 1 1 1 0 
37140 37 8003 1 1 1 0 1 1 1 1 0 1 1 0 0 1 0 1 1 1 1 0 1 1 0 1 1 1 0 1 0 1 1 1 0 1 1 1 1 
37141 37 9691 1 1 1 1 1 1 1 1 1 1 1 1 1 1 1 1 1 1 1 1 1 1 1 1 1 1 1 1 1 1 1 1 1 1 1 1 1 
37142 37 9212 1 1 1 0 1 1 1 1 0 1 0 1 1 0 1 0 1 1 1 1 1 1 1 1 1 1 1 1 1 1 0 0 1 0 1 0 1 
37143 37 6854 1 0 1 1 1 1 0 0 0 1 1 0 1 1 1 1 0 0 1 0 1 0 0 1 1 0 0 0 1 1 0 0 1 1 1 1 0 
37144 37 7420 1 1 1 0 1 0 1 0 1 0 0 1 1 0 1 1 1 1 1 1 1 0 0 1 0 0 1 1 1 1 0 1 1 1 1 1 0 
37145 37 7254 0 0 1 0 1 0 0 0 0 0 1 0 1 1 1 0 1 1 1 1 0 1 0 0 1 1 1 1 0 1 1 1 0 1 1 1 1 
37146 37 9309 1 1 1 1 1 1 0 1 1 1 1 1 1 1 1 1 1 1 1 1 0 0 0 1 1 1 1 1 1 0 1 0 1 0 1 1 1 
37147 37 8106 0 1 1 1 1 1 1 1 1 1 1 1 1 1 1 1 1 1 0 1 1 1 0 1 1 1 1 0 0 1 1 0 1 1 1 1 1 
37148 37 5543 0 1 1 1 1 1 1 1 0 0 0 1 1 0 1 0 0 0 0 1 1 0 0 0 1 1 0 0 0 1 0 0 1 0 1 0 1 
37149 37 5581 1 1 0 0 1 1 0 0 0 0 0 0 0 1 0 1 1 1 1 1 0 0 1 0 0 0 0 1 0 0 0 0 1 0 0 1 0 
37150 37 9184 0 1 1 1 1 1 1 0 1 1 0 1 1 0 0 1 1 0 1 0 0 1 1 1 1 1 1 1 1 1 1 1 1 1 0 0 0 
37151 37 7357 1 1 1 1 1 1 0 1 1 1 1 1 1 1 1 0 1 1 1 1 0 0 1 1 1 1 1 1 1 0 0 0 1 1 0 1 1 
37152 37 6618 0 1 1 1 0 0 1 0 0 1 1 1 1 0 1 0 1 1 0 1 0 1 1 1 1 0 0 1 0 1 0 1 1 0 1 0 0 
37153 37 6272 1 1 0 1 1 0 1 0 0 0 1 1 0 1 1 1 0 1 1 0 1 1 1 1 1 0 0 0 0 0 1 1 1 1 1 0 0 
37154 37 6052 0 0 0 1 0 1 0 0 1 1 1 1 1 1 1 1 0 1 0 0 1 0 0 1 1 0 1 0 0 1 0 0 0 1 1 0 1 
37155 37 3837 0 1 0 1 1 0 0 1 0 1 1 0 1 0 0 0 0 0 0 0 0 1 0 0 1 0 0 0 0 0 0 1 0 0 1 0 0 
37156 37 8321 0 1 1 1 1 0 1 1 1 1 1 0 1 1 1 1 0 1 1 1 1 0 1 1 1 0 1 1 1 1 1 0 1 1 1 1 1 
37157 37 10091 1 1 1 1 1 1 1 1 1 0 1 1 1 1 1 1 1 1 1 1 1 1 1 1 1 1 1 1 0 1 1 1 1 1 1 1 1 
37158 37 8961 1 1 0 1 1 1 1 1 1 1 1 1 0 1 1 1 1 1 0 1 1 0 1 0 1 0 1 1 1 1 1 1 0 1 1 1 1 
37159 37 7090 0 1 0 0 1 1 1 0 1 0 0 0 1 1 1 1 0 0 1 1 0 1 1 0 1 0 1 0 0 0 1 1 0 1 0 1 1 
37160 37 8909 1 1 1 1 0 1 1 1 0 0 1 1 1 1 1 1 0 1 1 1 1 1 1 1 1 1 1 1 0 1 1 1 1 1 0 1 1 
37161 37 10030 1 1 1 1 1 1 1 1 1 1 1 1 1 1 1 1 1 1 1 1 1 1 1 1 1 1 1 1 1 1 1 1 1 1 1 1 1 
37162 37 6335 1 0 0 1 1 0 1 1 0 1 0 1 1 1 0 0 0 1 0 0 1 0 0 0 1 0 0 1 0 0 1 0 1 0 0 1 1 
37163 37 9164 1 1 1 1 1 1 1 1 1 1 1 1 1 1 1 1 1 1 1 1 1 1 1 1 1 1 1 1 1 1 1 0 1 0 0 1 1 
37164 37 3113 1 0 0 0 0 1 0 0 1 0 0 0 0 0 0 0 0 1 0 0 1 1 0 0 0 0 0 1 1 0 0 1 0 0 0 0 1 
37165 37 2946 0 1 0 1 0 0 0 1 0 0 0 0 0 0 0 0 1 0 0 0 0 1 0 1 0 0 0 1 0 0 0 1 0 0 0 1 0 
37166 37 6934 1 1 0 1 1 0 1 1 0 1 1 0 1 1 1 1 1 1 1 1 1 1 1 1 1 1 1 1 1 0 1 0 1 0 1 0 1 
37167 37 7540 1 1 1 0 1 0 0 1 1 1 1 1 1 0 1 1 1 1 0 0 0 1 1 0 0 0 1 0 1 0 1 1 1 1 0 0 1 
37168 37 7852 1 1 1 1 1 1 0 0 1 0 0 1 1 1 1 1 1 1 1 1 1 1 1 1 0 1 1 1 0 1 1 0 0 1 0 1 0 
37169 37 4635 0 1 0 0 0 1 0 1 0 0 0 1 0 1 0 0 0 0 1 1 0 1 0 0 1 0 0 0 1 1 0 0 0 0 0 1 1 
37170 37 3844 0 0 1 0 0 0 0 1 1 1 1 0 0 0 0 1 0 1 0 1 0 0 0 0 1 0 0 0 0 0 0 0 1 1 0 1 0 
37171 37 6914 1 1 1 1 1 1 1 0 1 1 0 0 1 0 1 1 0 1 1 1 1 1 1 1 0 1 0 0 0 1 0 0 0 0 1 1 0 
37172 37 6699 1 1 1 1 1 1 0 1 0 1 1 1 1 1 1 1 0 1 0 1 0 1 1 1 1 1 1 1 1 1 0 1 1 1 1 0 1 
37173 37 1957 0 0 0 1 0 0 0 0 0 0 1 0 0 0 0 0 0 0 0 0 0 0 0 0 0 0 0 1 0 1 0 0 0 0 0 1 0 
37174 37 8843 1 1 0 0 1 1 1 1 1 1 1 0 0 0 0 1 0 1 1 1 1 1 1 1 1 0 1 0 1 0 0 1 0 1 0 1 0 
37175 37 5695 0 0 0 0 1 0 1 0 1 1 1 1 0 0 0 1 1 0 0 0 1 1 0 1 1 0 1 0 1 0 0 1 0 0 0 1 0 
37176 37 6071 1 1 0 1 0 0 0 1 1 0 0 1 1 0 1 1 0 0 0 0 0 1 1 0 1 0 1 0 1 1 0 0 0 1 1 0 1 
37177 37 7638 1 1 1 1 0 0 1 1 1 0 0 0 1 0 0 1 1 1 0 0 1 1 0 0 0 0 1 1 1 0 1 1 1 1 0 1 0 
37178 37 8713 1 1 1 1 0 1 1 1 1 1 1 1 1 1 0 0 1 0 0 1 1 0 1 1 1 1 1 0 0 1 1 1 1 1 1 1 1 
37179 37 10330 1 1 1 1 1 1 1 1 1 1 1 1 1 1 1 1 1 1 1 1 1 1 1 1 1 1 0 1 1 1 1 1 1 1 1 1 1 
37180 37 9605 0 1 1 1 1 1 0 1 1 1 1 1 1 1 1 1 1 1 1 1 1 1 1 1 0 0 1 1 1 1 1 1 1 1 0 0 1 
37181 37 5517 1 1 0 0 1 1 1 1 1 1 0 1 0 1 0 1 0 1 0 1 0 0 0 0 0 1 1 0 1 0 0 1 0 0 1 0 1 
37182 37 7385 1 1 1 1 1 1 1 1 1 1 1 1 1 1 1 1 1 1 1 1 1 1 1 1 1 1 1 1 1 1 1 1 1 1 1 1 1 
37183 37 7833 1 1 1 1 1 0 1 1 1 1 1 1 1 1 1 1 0 1 1 1 1 1 1 1 1 1 0 0 1 1 1 1 1 1 1 0 1 
37184 37 7287 1 1 1 0 1 1 0 1 1 1 1 1 1 1 1 1 1 1 1 1 0 1 1 0 1 1 1 1 1 1 1 1 0 1 0 1 1 
37185 37 7459 0 1 1 1 1 1 1 1 1 1 1 0 0 1 1 1 0 1 1 1 1 1 1 1 1 1 1 1 0 1 1 1 1 1 1 1 1 
37186 37 8718 1 1 1 1 0 1 1 1 0 1 1 1 1 0 0 0 1 0 1 0 1 0 0 1 1 0 0 1 1 1 1 1 1 1 1 1 0 
37187 37 8814 1 1 1 0 1 1 1 1 1 1 0 0 0 0 1 1 1 1 0 1 1 0 1 0 1 0 0 1 0 1 1 1 0 1 1 1 1 
37188 37 2287 0 0 0 0 1 0 0 0 0 0 0 0 1 0 0 1 0 1 1 0 0 0 0 0 0 0 0 1 0 0 0 0 0 0 0 0 1 
37189 37 2986 0 0 0 1 1 0 0 0 0 0 0 0 0 0 0 0 1 0 0 0 0 0 0 0 1 0 0 0 1 0 0 0 1 1 0 0 0 
37190 37 8745 1 1 1 0 1 1 1 0 1 1 1 1 0 1 1 1 1 1 1 1 1 1 1 0 1 0 1 1 1 0 1 1 1 1 1 1 1 
37191 37 5248 0 1 1 0 0 1 1 1 1 0 0 0 0 0 0 0 0 0 1 0 0 0 1 0 0 0 1 1 1 0 1 1 1 1 0 0 0 
37192 37 6922 1 0 1 1 1 1 1 0 1 1 0 1 1 1 0 1 1 1 0 1 1 0 1 1 1 1 0 0 1 1 1 1 1 1 1 0 0 
37193 37 9158 1 1 1 1 1 1 1 0 0 1 1 1 1 1 1 0 1 0 1 1 1 1 1 1 1 1 1 0 1 1 0 0 1 0 0 1 1 
37194 37 2762 0 0 0 0 1 0 0 0 0 0 0 0 0 0 0 0 0 0 1 0 0 0 0 0 0 1 1 0 1 0 0 1 1 0 0 0 1 
37195 37 7306 1 1 0 1 0 0 1 1 0 1 1 1 1 0 0 1 1 0 0 0 0 1 0 0 1 0 1 1 1 1 1 0 0 1 0 1 0 
37196 37 5734 1 1 1 0 1 0 0 0 0 1 0 0 0 0 0 1 1 0 1 1 1 1 0 0 1 1 0 0 1 1 1 0 1 1 0 0 0 
37197 37 8820 1 1 1 1 0 0 0 0 0 1 1 0 1 1 1 1 0 1 1 0 1 1 1 1 1 0 1 1 1 1 1 1 1 1 1 1 1 
37198 37 6636 0 1 0 0 1 1 1 0 1 1 0 1 0 0 1 1 1 0 0 1 0 0 1 0 1 1 1 0 1 1 1 0 0 1 1 0 0 
37199 37 9645 1 1 1 1 1 1 1 1 1 1 1 1 1 1 1 1 1 1 1 1 1 1 1 1 0 1 1 1 1 1 1 1 1 1 1 1 1 
37200 37 8869 0 1 1 1 1 1 1 1 1 1 0 1 1 1 1 1 0 1 1 1 0 1 1 0 1 1 1 0 1 1 0 1 1 1 0 1 0 
37201 37 8961 1 1 1 1 1 1 1 1 1 1 1 1 1 1 1 1 1 1 1 1 1 1 1 1 1 1 1 1 0 0 1 1 1 1 1 1 1 
37202 37 5026 1 0 0 1 0 1 1 1 1 1 0 0 0 1 1 0 0 1 0 1 0 0 0 0 1 1 0 1 0 1 0 0 0 0 1 0 0 
37203 37 5722 1 1 0 1 1 0 0 1 0 0 0 0 1 1 0 1 1 1 0 1 0 1 0 1 1 1 0 1 0 0 0 0 0 0 0 0 1 
37204 37 4625 1 0 0 0 0 1 0 0 1 1 0 0 0 1 0 1 1 0 0 0 0 1 1 0 0 0 1 0 1 0 0 1 0 0 0 1 0 
37205 37 9510 1 1 1 1 1 1 1 1 1 1 1 1 1 1 1 1 1 1 1 1 1 1 1 1 1 1 1 1 1 1 1 1 1 1 1 1 1 
37206 37 8221 1 1 1 1 1 1 1 1 1 0 0 1 1 1 1 1 1 0 1 1 1 1 0 1 1 1 0 1 1 1 1 0 0 1 0 1 1 
37207 37 4150 0 1 0 1 1 1 1 0 1 0 0 0 1 0 0 0 0 0 0 0 0 0 0 0 0 0 1 1 0 0 0 1 1 1 0 1 0 
37208 37 5518 1 1 1 1 0 1 0 1 0 0 0 0 1 1 0 0 0 0 0 1 0 1 1 0 1 0 1 1 0 0 1 0 0 1 0 0 0 
37209 37 8182 1 1 1 1 1 0 1 1 1 1 1 1 1 1 1 1 0 1 1 1 1 1 0 1 1 1 1 1 1 1 1 1 0 1 1 0 1 
37210 37 8774 1 1 1 1 1 0 0 0 1 1 1 0 1 1 1 0 1 1 0 1 1 1 1 1 0 1 1 1 1 1 1 1 1 1 1 1 0 
37211 37 8580 1 0 0 1 1 1 0 1 1 1 0 1 1 0 1 1 1 1 1 1 1 1 1 0 1 1 1 1 1 1 1 0 1 1 1 1 0 
37212 37 8374 1 0 1 0 0 1 1 1 1 1 1 0 1 0 1 1 0 0 1 1 0 0 1 1 1 1 1 1 1 1 1 0 1 1 1 1 1 
37213 37 8225 0 1 1 1 1 1 1 1 1 1 1 1 1 1 1 1 1 1 1 1 1 1 1 1 1 1 1 1 1 1 1 1 1 1 1 1 0 
37214 37 6259 1 0 1 0 0 0 0 0 1 1 0 1 1 1 0 1 0 0 1 0 0 0 1 1 0 0 1 1 0 1 1 0 1 0 1 0 0 
37215 37 8359 1 1 0 1 0 0 0 1 1 0 1 0 0 1 1 0 1 0 1 0 1 1 1 1 1 0 1 1 1 0 1 0 1 1 1 1 0 
37216 37 5940 1 0 0 1 1 0 1 0 1 0 1 1 0 0 1 0 1 0 0 0 1 1 0 1 1 0 0 1 0 1 1 0 1 0 1 0 0 
37217 37 9082 1 1 0 1 1 1 0 1 1 0 1 1 1 1 1 1 1 1 1 1 1 1 1 1 1 1 1 1 1 1 0 1 1 1 1 0 1 
37218 37 2562 0 0 0 1 0 0 0 0 0 0 0 1 0 0 0 0 0 0 0 0 1 1 0 1 0 1 0 0 0 1 0 0 0 0 0 0 0 
37219 37 9056 0 0 1 0 1 1 0 1 1 1 1 1 0 1 1 0 1 1 1 1 1 1 1 1 1 1 0 0 1 1 1 1 1 0 1 0 1 
37220 37 9837 1 1 1 1 1 0 1 1 0 1 1 1 0 1 1 1 1 1 1 1 1 1 1 0 1 1 1 1 0 0 1 1 1 1 1 1 1 
37221 37 7915 1 0 1 1 1 0 1 1 1 0 0 0 0 1 0 1 1 1 0 1 0 0 1 1 1 1 0 0 1 0 0 1 0 0 0 1 1 
37222 37 4160 1 1 0 1 0 0 1 0 1 0 0 0 0 0 1 0 0 1 0 0 0 0 1 1 0 0 0 1 0 0 0 1 1 0 0 0 0 
37223 37 8766 1 1 1 1 1 1 1 1 1 1 1 1 1 1 1 1 1 1 1 1 1 1 1 1 1 1 1 1 1 1 1 1 1 1 1 1 1 
37224 37 4776 1 1 1 0 1 1 1 1 0 0 0 0 1 0 0 1 1 0 0 0 0 1 0 0 1 0 0 0 0 0 0 1 0 0 0 1 1 
37225 37 9301 1 1 0 0 1 1 1 1 1 1 1 1 0 1 1 1 1 1 1 1 0 0 1 1 1 1 1 1 1 1 0 1 1 1 0 0 1 
37226 37 9418 1 1 1 1 1 1 1 1 1 1 1 1 1 1 1 1 1 1 1 1 1 0 1 0 0 1 0 1 1 1 1 1 1 1 0 1 1 
37227 37 2705 0 0 1 0 0 0 0 0 1 0 0 0 1 1 1 0 0 0 0 0 0 0 0 0 0 0 0 0 1 0 0 0 0 1 1 0 0 
37228 37 7782 0 1 1 1 0 1 1 1 1 1 0 0 1 1 1 1 0 1 1 1 1 1 1 1 1 1 1 1 0 0 1 1 1 1 1 0 1 
37229 37 7726 0 0 0 1 1 1 1 1 1 0 0 1 1 1 1 1 0 1 1 1 0 1 0 1 1 0 0 0 1 0 1 1 1 0 0 1 0 
37230 37 7997 1 0 1 1 0 1 1 0 1 0 1 1 1 1 1 1 1 1 0 0 0 1 1 0 1 1 0 1 0 1 1 0 1 1 1 1 0 
37231 37 7342 1 1 0 0 1 1 0 0 1 1 1 0 1 1 0 1 1 1 1 1 0 1 0 1 0 1 1 0 0 1 0 1 0 1 1 1 1 
37232 37 8354 1 1 1 1 0 1 1 1 0 1 1 1 1 1 1 1 1 1 0 0 0 0 1 1 1 1 1 1 1 0 1 0 1 0 0 1 1 
37233 37 9247 1 1 1 1 1 1 1 1 1 1 0 1 1 1 1 1 1 1 1 1 0 1 1 1 1 0 1 1 1 1 1 1 1 1 0 1 1 
37234 37 8785 1 1 1 1 1 1 1 1 1 1 1 0 1 1 1 1 1 1 0 0 1 1 1 1 1 1 1 1 1 0 1 1 1 0 1 1 0 
37235 37 5980 1 0 0 1 0 0 1 0 0 0 0 1 1 0 0 0 1 1 0 1 1 0 0 1 0 1 0 0 1 1 1 0 1 1 1 1 0 
37236 37 8029 0 1 0 1 1 1 0 1 1 0 1 1 0 1 1 0 1 1 0 1 0 1 0 1 1 1 1 0 1 1 1 0 1 1 0 0 0 
37237 37 7425 1 1 0 1 1 0 0 1 1 0 1 0 0 1 1 0 1 1 1 0 1 1 1 0 1 1 1 1 1 0 1 1 1 0 1 1 1 
37238 37 7454 1 1 1 0 0 1 0 1 1 1 0 1 1 0 0 0 0 1 1 1 0 1 1 1 1 1 0 1 1 1 1 1 1 0 1 1 1 
37239 37 7035 1 1 0 1 1 1 1 1 1 1 1 1 1 0 0 0 1 1 0 1 0 0 1 1 1 0 1 1 1 1 1 1 1 0 1 1 1 
37240 37 8848 1 1 1 1 1 1 0 1 1 0 1 1 1 1 1 1 1 1 0 1 1 0 0 1 1 0 0 1 1 1 0 1 0 0 1 1 1 
37241 37 8316 1 0 1 0 1 0 0 1 1 1 1 1 1 0 1 1 0 1 1 0 1 0 1 1 1 1 1 0 1 1 1 1 0 1 1 1 1 
37242 37 9383 0 1 1 1 1 1 1 1 1 1 1 1 1 0 1 1 1 0 1 1 0 1 1 1 0 0 0 1 1 0 1 0 1 1 1 1 1 
37243 37 7767 1 1 0 0 1 1 1 0 1 0 1 1 1 1 1 0 1 0 1 1 1 1 1 0 0 1 1 1 1 1 1 1 0 0 0 1 1 
37244 37 9888 0 0 1 1 1 1 1 0 1 0 1 1 1 1 1 1 1 0 0 1 1 1 1 1 1 1 1 1 1 1 1 1 1 1 1 1 1 
37245 37 7513 1 0 0 1 0 1 1 0 1 0 0 0 0 0 1 0 0 1 0 1 1 0 1 0 1 0 0 1 1 0 1 1 0 1 1 1 1 
37246 37 6626 1 1 1 0 1 0 1 1 1 1 1 0 1 1 1 1 1 1 1 1 0 1 1 1 0 1 1 1 1 1 1 1 1 1 1 0 1 
37247 37 4706 1 1 0 0 0 0 0 1 0 1 0 0 1 0 0 0 0 1 0 1 0 0 0 1 0 0 0 0 0 1 0 1 0 1 1 0 0 
37248 37 7647 1 1 1 0 0 1 1 1 0 0 0 1 0 0 0 1 1 1 1 0 1 1 0 1 0 1 1 1 1 0 1 1 0 0 1 0 1 
37249 37 10294 1 1 0 0 1 0 1 0 1 1 1 1 1 1 0 1 1 0 0 1 0 1 1 1 1 1 1 1 1 0 1 1 1 1 0 1 1 
37250 37 9135 1 1 1 1 1 1 1 1 1 1 1 1 1 1 1 1 1 1 1 1 1 1 1 1 1 1 1 1 1 1 1 1 1 1 1 1 1 
37251 37 9800 1 1 1 1 0 1 1 0 1 1 1 1 1 1 1 1 1 1 1 1 1 1 1 1 1 1 1 1 1 1 1 1 1 1 1 1 0 
37252 37 5181 0 1 0 1 0 0 1 1 0 1 1 0 1 0 0 1 1 0 1 1 0 0 1 1 0 1 0 0 0 1 1 0 1 0 0 0 0 
37253 37 6630 1 1 1 1 1 1 1 1 1 1 1 1 1 1 1 1 1 1 1 1 1 1 1 1 1 1 0 1 1 1 1 1 1 1 1 1 1 
37254 37 7599 1 1 0 0 0 0 1 1 1 0 0 0 0 1 1 1 0 0 0 0 1 1 1 1 1 1 1 1 0 0 1 1 1 1 1 1 1 
37255 37 7445 1 0 0 0 1 1 1 1 0 0 0 1 1 1 1 1 1 1 1 1 0 0 1 0 0 1 0 1 0 1 1 1 0 1 0 1 1 
37256 37 9143 1 1 1 1 1 1 1 1 1 1 1 1 1 1 0 1 1 1 1 0 1 1 1 1 1 1 0 1 1 1 1 1 1 1 1 1 1 
37257 37 3101 0 0 0 1 0 0 1 0 0 0 0 0 0 0 0 0 0 0 0 0 0 0 1 1 1 0 1 0 0 0 0 0 1 1 0 1 1 
37258 37 8625 1 1 1 0 1 0 1 1 1 0 1 1 1 1 1 0 0 1 0 1 1 1 0 1 1 1 1 1 0 1 0 1 0 1 1 1 1 
37259 37 6978 1 1 1 0 0 0 1 1 0 1 0 0 0 0 0 1 0 0 1 0 1 1 1 0 1 0 0 1 1 1 0 1 1 0 1 0 1 
37260 37 6731 1 1 1 1 1 0 0 1 0 1 0 0 1 1 1 0 0 1 0 1 0 0 1 0 1 0 0 0 1 0 1 0 1 1 1 1 1 
37261 37 1109 1 0 0 0 0 1 0 0 0 0 0 0 0 0 0 0 0 0 1 0 0 0 0 0 0 0 0 1 0 0 1 0 0 0 0 0 0 
37262 37 6838 1 0 1 0 1 1 0 0 1 0 1 0 1 0 1 0 0 1 0 0 0 0 0 1 1 1 1 1 0 0 1 0 1 0 1 1 1 
37263 37 8733 0 1 1 1 1 1 1 1 1 1 0 1 1 1 1 1 1 1 1 1 0 1 0 1 1 1 1 1 1 1 0 1 1 1 1 1 1 
37264 37 4774 0 0 0 0 0 0 0 0 1 1 1 0 0 0 0 0 1 1 0 1 1 0 1 0 0 0 0 0 1 1 1 0 0 1 0 1 0 
37265 37 4350 0 0 1 0 1 1 0 0 0 1 1 0 0 0 0 0 0 0 0 1 0 0 0 1 0 0 1 0 1 0 0 1 0 0 1 0 1 
37266 37 9566 1 1 1 1 1 1 1 0 1 1 1 1 1 1 1 1 1 1 1 1 1 1 1 1 1 1 1 1 1 1 1 1 1 1 1 1 1 
37267 37 9254 1 1 1 0 1 1 1 1 0 1 1 1 0 1 1 1 1 1 1 1 1 1 0 0 1 0 1 1 1 1 1 0 0 1 1 0 1 
37268 37 9075 1 1 1 1 1 1 1 1 0 1 1 1 1 1 1 1 1 1 1 1 1 1 1 1 1 1 1 1 1 1 1 1 0 1 1 0 1 
37269 37 7765 1 1 1 1 1 1 1 1 1 1 1 1 1 1 1 1 1 1 1 1 1 1 1 1 1 1 1 1 1 1 1 0 1 1 1 1 1 
37270 37 9882 0 1 1 1 1 0 1 1 1 1 1 1 1 0 1 1 1 1 1 1 0 1 0 1 1 1 1 1 1 1 1 1 1 1 1 1 1 
37271 37 9386 1 1 1 1 1 1 1 1 1 1 1 1 1 1 1 1 1 1 1 1 1 1 1 1 1 1 1 1 1 1 1 1 1 1 1 1 1 
37272 37 8470 0 1 1 1 1 0 1 1 1 0 1 1 0 1 1 1 1 1 1 1 0 0 1 1 1 0 0 0 1 1 1 0 1 1 0 0 1 
37273 37 5081 0 0 1 1 1 0 0 0 1 0 0 0 1 0 1 0 0 0 1 0 0 0 0 1 0 1 1 1 0 1 1 1 0 0 1 0 0 
37274 37 7683 1 0 1 1 1 1 0 1 1 1 1 1 0 1 1 1 1 1 1 1 1 1 1 1 0 0 1 1 1 0 1 1 1 1 1 1 1 
37275 37 8133 1 1 0 1 1 1 0 1 1 1 1 1 1 1 1 0 1 1 1 1 1 0 1 1 1 1 0 1 1 1 1 1 1 1 1 0 0 
37276 37 9116 1 1 1 1 1 1 1 1 1 1 1 0 1 1 1 1 1 0 1 1 0 1 1 1 0 1 0 1 1 1 1 1 1 0 1 1 1 
37277 37 1632 0 0 0 0 0 0 0 0 0 0 0 0 0 0 0 0 0 1 0 0 0 1 1 0 0 0 1 0 0 0 0 0 0 0 0 1 0 
37278 37 8273 1 1 1 1 1 0 1 1 0 1 0 1 1 1 0 1 1 0 0 1 1 1 0 1 0 1 1 1 1 1 1 1 1 1 1 0 1 
37279 37 9166 1 1 1 1 1 1 1 1 1 1 1 0 1 0 1 1 1 1 1 0 0 1 1 0 0 1 1 1 1 1 1 0 1 1 1 1 1 
37280 37 5138 0 0 1 1 1 0 0 1 0 0 1 1 1 0 1 1 0 0 1 0 1 0 0 1 1 0 1 1 1 0 0 0 0 0 0 1 1 
37281 37 4685 0 0 1 0 1 0 1 0 0 1 0 0 0 1 1 0 0 0 1 0 1 0 1 1 0 0 0 0 0 1 0 1 0 0 0 1 0 
37282 37 9021 0 1 1 1 1 1 1 1 1 1 1 1 1 1 1 1 1 1 1 1 1 1 1 1 1 1 1 1 1 1 1 1 1 1 1 1 1 
37283 37 4229 1 1 1 0 0 0 0 1 0 1 0 0 1 0 1 1 0 0 1 0 0 0 0 1 0 0 0 0 0 1 1 1 0 1 1 1 0 
37284 37 9259 1 1 1 1 1 1 0 1 0 0 1 1 0 0 1 1 1 1 1 1 1 1 0 1 0 0 1 1 1 1 1 1 1 1 1 1 1 
37285 37 7085 0 1 1 1 1 0 1 1 1 0 1 1 0 0 0 1 0 1 1 1 1 0 0 1 1 1 0 0 1 1 1 1 1 1 0 0 0 
37286 37 8668 1 1 1 1 1 1 1 1 1 1 1 1 1 1 1 1 1 1 1 1 1 1 0 1 1 1 1 1 1 1 1 1 1 1 1 1 1 
37287 37 3290 0 1 1 1 0 0 0 0 1 0 1 0 0 0 0 0 0 1 0 0 1 1 0 0 1 0 0 0 1 0 1 0 0 0 0 0 0 
37288 37 8026 1 0 1 0 1 1 0 1 0 1 1 1 1 1 1 1 1 1 0 1 0 1 0 1 1 1 1 1 1 0 0 1 1 1 1 1 1 
37289 37 2387 0 1 0 0 0 0 0 0 0 0 0 0 0 0 0 1 0 0 0 0 0 0 0 0 1 0 0 1 1 0 0 0 0 0 1 0 0 
37290 37 9318 1 1 1 1 1 1 1 1 1 1 1 1 1 1 1 1 1 1 1 1 1 1 1 1 1 1 1 1 1 1 1 1 1 1 1 1 0 
37291 37 4793 0 0 0 0 1 0 0 1 0 0 0 0 0 0 0 0 1 1 1 0 1 1 1 1 1 1 0 1 0 1 1 0 0 0 0 0 0 
37292 37 3102 0 0 0 0 0 1 0 1 0 0 1 0 0 1 0 0 0 0 1 0 0 1 0 1 0 0 0 0 0 0 0 1 0 0 0 0 0 
37293 37 3406 0 1 0 1 0 0 0 0 1 1 0 0 0 0 0 0 0 0 1 0 1 1 0 1 0 1 1 0 0 0 0 0 0 0 1 0 0 
37294 37 8747 1 1 1 1 1 1 1 1 1 1 1 1 1 1 1 1 1 1 1 0 1 1 1 1 1 1 1 1 1 1 1 1 1 1 1 1 1 
37295 37 8659 1 1 1 1 1 1 1 1 1 1 1 1 1 1 1 1 1 1 1 1 1 1 1 1 1 1 1 1 1 1 0 1 1 1 1 1 0 
37296 37 10554 1 1 1 1 1 1 1 1 1 1 1 1 1 1 1 1 1 1 1 1 1 0 1 1 1 1 1 1 0 0 1 1 1 1 1 1 1 
37297 37 9822 1 1 1 1 1 0 1 1 1 1 1 1 1 1 1 1 1 1 1 1 1 1 1 1 1 1 1 1 1 1 1 1 0 1 1 1 1 
37298 37 6512 0 0 0 0 1 1 1 1 1 0 1 0 1 0 1 0 1 1 0 1 1 1 0 0 1 0 0 1 1 0 1 1 1 0 1 0 0 
37299 37 6343 1 0 0 0 1 0 1 0 1 1 1 1 1 1 0 1 1 1 1 0 0 0 1 0 0 1 1 1 0 0 1 1 0 1 0 0 0 
37300 37 9467 1 1 1 1 1 1 1 0 1 1 0 1 0 1 1 1 1 1 0 0 1 1 0 1 1 1 1 0 1 1 1 1 1 1 1 1 1 
37301 37 9259 1 1 1 1 1 1 1 1 0 0 1 1 0 0 1 1 0 1 1 1 1 1 1 1 1 1 1 1 1 1 1 1 1 1 1 1 1 
37302 37 9419 1 1 0 1 1 1 1 0 1 1 1 1 1 1 1 1 1 1 1 0 1 1 1 1 1 1 1 1 1 0 0 1 1 1 1 1 1 
37303 37 8271 1 1 0 1 1 1 0 1 1 1 1 1 1 0 1 1 1 1 0 0 1 1 1 1 1 0 0 0 1 0 0 1 1 1 1 1 1 
37304 37 9759 1 1 0 1 1 1 1 1 1 1 1 1 1 1 1 1 1 1 1 1 1 1 1 1 1 0 1 1 1 1 1 1 0 1 1 1 1 
37305 37 9666 1 1 1 1 1 1 1 1 1 1 1 1 1 1 1 1 1 1 1 1 1 1 1 1 1 1 1 1 1 1 1 1 1 1 1 1 1 
37306 37 6357 1 0 0 1 0 0 0 0 0 1 1 0 1 1 0 1 0 0 0 1 1 0 1 0 0 1 1 1 1 1 1 1 1 0 1 1 1 
37307 37 9415 1 1 1 1 1 1 1 1 1 1 1 1 1 1 1 1 1 0 1 1 1 1 1 1 1 1 1 0 1 1 1 1 1 1 1 1 1 
37308 37 2675 0 0 0 0 1 0 0 1 0 0 1 0 0 1 0 0 0 0 0 0 0 0 1 1 0 0 1 0 1 0 0 0 0 0 0 0 1 
37309 37 8251 0 1 1 1 1 1 1 1 0 0 1 1 1 0 1 0 1 1 1 0 0 1 1 1 1 1 1 1 1 1 1 0 1 1 1 1 1 
37310 37 3065 0 0 0 0 1 0 1 0 0 0 0 0 1 1 0 0 0 1 0 0 0 1 0 1 0 0 0 0 0 0 0 1 0 0 0 1 0 
37311 37 10414 1 1 1 1 1 1 1 1 1 1 1 1 1 1 1 1 1 1 1 1 1 1 1 0 1 1 1 1 1 1 1 1 1 1 1 1 1 
37312 37 5856 1 0 0 1 1 1 0 0 1 0 1 0 1 1 0 1 0 0 0 1 0 0 1 0 0 1 1 0 1 0 1 0 1 1 1 0 0 
37313 37 5856 0 1 0 0 1 1 1 0 0 1 1 0 1 0 0 1 1 0 0 0 1 1 1 1 1 0 1 0 0 1 1 1 0 0 0 0 0 
37314 37 4808 0 1 0 0 1 0 0 0 0 0 0 1 1 1 0 0 0 1 1 0 0 1 0 0 1 1 1 0 1 0 0 0 1 1 0 0 0 
37315 37 2455 0 1 0 0 0 1 0 1 0 0 1 0 0 1 0 0 0 0 0 0 0 0 0 0 0 0 0 0 0 0 0 1 0 0 1 0 0 
37316 37 10904 1 1 1 1 1 1 1 1 1 1 1 1 1 1 1 1 1 1 1 1 1 1 1 1 1 1 1 1 1 1 1 1 1 1 1 1 1 
37317 37 6725 0 0 1 1 1 1 1 0 1 1 1 1 0 1 0 0 1 0 0 1 0 1 1 0 0 0 1 1 0 1 1 0 1 0 1 1 1 
37318 37 7626 1 1 1 1 1 1 1 1 1 0 1 1 0 0 1 0 0 1 0 1 1 0 1 0 1 0 1 1 1 0 1 0 1 1 1 0 1 
37319 37 8908 1 1 1 1 1 1 1 1 1 1 1 1 1 1 1 1 1 1 1 1 1 1 1 1 1 1 1 1 1 1 1 1 1 1 1 1 1 
37320 37 8349 1 1 1 1 1 1 1 1 1 1 1 1 1 1 1 1 1 1 1 1 1 1 1 1 1 1 1 1 1 1 1 1 1 1 1 1 1 
37321 37 9400 1 1 1 1 1 1 1 1 1 1 1 1 1 1 1 1 1 1 1 1 1 0 1 1 1 1 1 1 1 1 1 1 1 0 1 1 1 
37322 37 3527 0 0 0 1 0 1 1 0 0 0 0 0 0 1 0 1 1 0 1 0 0 0 1 0 0 0 0 0 0 1 0 0 1 0 0 1 0 
37323 37 9131 1 1 1 1 1 1 1 1 1 1 1 1 1 1 1 0 1 1 1 1 1 1 1 1 1 1 1 0 0 1 1 1 0 1 1 1 1 
37324 37 2872 0 0 1 0 0 0 1 1 0 1 0 0 0 0 0 0 0 0 0 1 0 0 0 0 0 0 0 0 0 1 0 0 0 1 0 1 0 
37325 37 8479 0 1 0 1 1 1 1 1 1 1 1 1 1 1 1 1 1 1 1 1 1 1 1 1 1 1 1 1 0 1 0 1 1 0 1 1 0 
37326 37 2564 0 0 0 0 0 1 0 0 0 0 0 0 1 0 0 0 0 1 1 0 0 0 0 0 0 0 0 0 0 0 0 1 0 0 1 1 0 
37327 37 6134 1 1 0 0 0 1 0 0 1 1 0 1 1 0 1 0 1 0 1 0 0 1 1 1 0 1 0 0 0 0 1 0 1 0 1 0 1 
37328 37 5961 1 1 0 0 0 1 0 0 1 1 0 1 0 1 0 0 0 0 1 0 1 0 1 1 0 0 0 0 0 0 1 1 1 0 1 1 0 
37329 37 8898 1 1 1 1 1 1 1 1 0 1 1 0 0 1 1 1 1 1 0 1 1 0 1 0 1 1 1 0 1 1 1 1 0 1 1 0 0 
37330 37 8191 0 1 0 1 1 1 1 0 0 0 1 0 1 1 0 0 1 1 1 1 1 1 1 1 0 1 0 1 0 1 1 1 0 0 1 1 1 
37331 37 6144 0 0 0 0 1 1 1 1 1 1 0 1 0 0 0 1 0 1 1 0 1 1 0 0 0 0 1 0 0 1 0 0 1 1 1 1 0 
37332 37 4543 0 1 1 0 0 0 0 1 0 0 1 0 0 1 1 1 0 0 0 1 0 1 0 1 1 1 1 1 1 0 0 0 0 0 0 0 0 
37333 37 7518 0 1 0 0 1 1 1 1 0 0 1 1 1 0 1 1 0 0 1 0 1 1 0 1 1 0 1 1 1 1 0 0 1 1 0 0 0 
37334 37 2124 0 0 0 0 0 0 0 0 0 0 1 0 1 1 0 0 1 0 0 0 0 0 0 0 1 0 0 0 0 0 0 0 1 0 0 1 0 
37335 37 6998 1 1 0 1 1 0 0 0 1 0 1 1 1 1 0 0 1 1 0 0 1 0 1 0 0 1 1 0 1 1 1 0 1 0 0 0 1 
37336 37 1942 1 0 0 0 0 0 1 0 0 0 1 0 0 0 0 0 0 1 1 0 0 0 0 0 1 0 0 0 0 0 0 0 0 0 0 1 0 
37337 37 4554 0 0 0 0 1 0 0 0 1 1 1 1 1 0 1 1 0 0 1 1 0 0 0 0 0 0 0 0 1 0 1 0 0 0 0 1 1 
37338 37 9054 1 1 0 1 1 0 0 1 1 1 1 0 1 0 1 1 0 1 1 1 1 1 1 1 1 0 1 1 1 0 1 1 1 1 1 1 1 
37339 37 5997 1 1 1 1 0 1 0 1 0 0 1 1 0 0 1 0 0 0 0 0 1 1 0 0 1 1 1 0 0 1 1 1 0 0 1 0 1 
37340 37 7298 0 1 1 0 0 0 1 1 1 1 1 1 1 0 1 1 1 0 0 1 0 0 1 0 1 1 0 0 1 1 1 0 0 1 1 0 1 
37341 37 6484 0 0 0 1 0 1 1 1 0 0 1 1 0 0 1 0 0 0 1 0 0 1 0 1 1 1 0 1 1 0 1 0 0 1 1 0 1 
37342 37 2789 1 1 0 0 0 0 0 0 0 0 0 0 0 1 0 0 1 1 0 0 1 0 0 0 1 1 0 0 0 0 0 0 0 0 0 1 0 
37343 37 5764 1 0 1 1 0 0 0 0 0 0 0 1 1 0 1 1 1 0 1 1 1 0 0 1 1 1 0 0 0 0 1 1 0 1 0 1 1 
37344 37 7839 1 1 1 0 0 1 1 1 0 1 1 1 0 1 1 0 1 1 1 1 1 1 1 1 1 1 0 1 1 1 0 1 1 1 0 1 0 
37345 37 9113 1 0 1 1 1 1 1 1 1 1 0 1 1 1 0 1 1 1 0 1 1 1 0 0 1 1 1 1 1 0 1 1 1 1 0 1 1 
37346 37 7747 1 0 1 1 1 1 1 1 0 0 1 1 1 1 1 0 1 0 1 0 0 1 1 1 1 1 0 0 0 1 1 1 1 0 1 1 1 
37347 37 4613 0 0 0 1 0 1 0 0 1 1 0 0 0 0 0 0 1 1 1 1 0 0 1 1 0 1 1 0 0 0 0 0 0 0 1 0 0 
37348 37 8430 1 0 1 1 1 1 0 1 0 0 1 1 1 1 0 1 1 0 1 1 0 1 1 1 0 1 0 1 1 0 1 1 1 0 1 1 0 
37349 37 9442 1 1 1 1 0 0 1 1 1 1 1 1 1 1 1 1 1 1 1 1 1 1 1 0 1 1 1 0 1 1 0 1 1 1 1 1 1 
37350 37 5166 0 1 1 0 1 1 0 0 0 0 1 0 0 0 0 1 0 0 0 1 0 0 0 0 1 0 1 0 0 1 0 1 0 0 0 1 1 
37351 37 6910 1 0 1 1 0 0 0 0 1 0 1 0 0 1 1 1 1 0 0 0 1 0 1 1 0 1 0 1 0 1 1 1 1 1 1 1 1 
37352 37 8790 1 1 1 1 1 1 1 1 1 1 1 1 0 1 1 1 1 1 1 0 0 1 1 1 1 0 1 1 1 1 1 1 1 1 1 1 1 
37353 37 10330 1 1 1 1 1 1 1 1 1 1 1 1 1 1 0 1 1 1 1 1 1 1 1 1 1 0 1 1 0 0 1 1 1 1 1 1 1 
37354 37 8660 1 1 0 1 1 1 1 1 1 1 0 1 0 1 0 1 1 1 1 1 0 0 1 0 1 1 1 1 0 1 1 0 1 1 1 0 1 
37355 37 9170 1 0 1 1 1 1 0 0 1 1 0 1 1 0 1 1 1 1 1 0 0 1 1 0 0 1 1 1 1 1 1 1 1 1 1 1 1 
37356 37 8280 1 1 1 1 1 1 1 1 1 0 0 0 1 1 0 1 0 1 1 0 1 1 1 1 0 0 1 0 1 1 1 0 1 1 1 0 1 
37357 37 9293 1 1 1 1 1 1 1 1 1 0 1 0 1 1 1 0 1 1 1 1 1 0 1 1 1 1 1 1 1 1 1 0 1 1 0 0 1 
37358 37 5103 0 0 1 0 0 0 0 0 0 0 0 1 0 1 0 0 0 1 1 1 1 1 0 0 1 1 0 1 0 1 0 1 0 0 1 1 1 
37359 37 3972 1 0 0 0 0 1 0 0 1 0 1 0 0 0 1 0 0 1 1 1 0 1 0 0 0 1 0 1 1 0 0 0 0 1 0 0 1 
37360 37 3321 0 0 0 0 1 0 1 1 0 0 0 0 1 0 0 0 0 0 0 0 0 0 1 1 1 1 0 0 0 0 0 0 0 1 1 0 0 
37361 37 3668 0 0 1 0 0 0 1 0 0 1 0 0 0 1 0 0 0 1 0 0 0 0 0 1 0 0 1 1 1 1 0 0 1 0 0 1 0 
37362 37 5705 0 0 1 1 0 1 1 0 0 0 0 1 1 0 0 0 1 1 0 0 0 0 1 0 1 1 1 0 0 0 0 0 1 1 1 1 0 
37363 37 4327 0 0 0 0 0 1 1 1 0 0 0 0 1 0 1 0 1 0 1 0 1 1 1 0 0 0 0 0 0 1 0 0 0 1 0 1 1 
37364 37 9664 1 1 1 1 1 1 1 1 1 0 1 1 1 1 1 0 1 0 1 1 1 1 0 0 1 1 1 1 1 1 1 1 1 1 1 1 1 
37365 37 3040 0 0 0 0 1 0 0 0 0 1 0 0 0 0 0 1 0 0 0 1 1 0 0 0 0 0 0 0 0 1 1 0 1 0 0 0 0 
37366 37 9547 0 1 1 1 0 1 1 1 1 1 0 1 1 1 1 1 1 1 1 1 0 0 1 1 0 1 1 1 1 1 0 1 1 1 1 1 1 
37367 37 3536 1 0 0 0 1 0 0 0 1 0 1 0 0 1 0 1 0 0 0 1 0 0 1 0 0 0 0 0 1 1 1 0 0 1 0 0 0 
37368 37 7756 1 1 0 0 0 0 1 1 0 1 1 0 1 1 0 0 1 0 1 1 1 1 1 1 0 1 1 1 0 0 1 1 1 0 1 1 0 
37369 37 10033 1 1 1 1 1 1 1 1 1 1 1 1 1 1 1 1 1 1 1 1 1 1 1 1 1 1 1 1 1 1 1 1 1 1 1 1 1 
37370 37 4902 1 1 1 0 0 0 0 0 1 1 1 0 1 1 0 0 1 1 0 1 0 1 1 0 0 0 0 0 1 0 0 1 0 0 0 0 0 
37371 37 7366 1 0 0 1 0 1 0 1 0 1 0 1 1 1 1 1 1 1 1 0 0 1 0 1 0 1 0 1 1 1 1 1 1 0 0 0 0 
37372 37 9569 1 1 1 1 1 1 1 1 1 1 1 1 1 1 1 1 1 1 1 1 1 1 1 1 1 1 1 1 1 1 1 1 1 1 1 1 1 
37373 37 4159 1 0 1 1 1 0 1 0 0 1 0 0 1 0 1 0 0 0 0 1 1 0 1 0 0 0 0 1 0 0 0 0 0 1 0 1 0 
37374 37 9634 1 1 0 1 1 1 1 1 1 1 1 1 1 1 1 1 1 1 1 1 1 0 0 1 1 1 0 1 1 1 1 1 1 0 1 1 1 
37375 37 5461 1 0 0 0 1 0 0 1 0 0 0 1 0 1 0 0 0 1 1 1 1 1 1 0 0 0 0 1 0 0 1 1 1 1 0 0 1 
37376 37 7367 0 0 1 0 0 1 1 1 1 0 0 1 0 1 1 0 0 1 0 1 0 0 1 0 1 0 1 1 1 1 0 1 1 1 0 1 0 
37377 37 5114 1 0 0 0 1 0 0 1 1 1 0 0 0 1 0 0 0 0 1 1 1 1 0 1 0 0 1 0 1 0 0 1 1 0 1 0 0 
37378 37 8307 1 1 0 1 1 1 1 1 0 1 1 1 1 1 0 1 0 1 0 1 1 0 1 1 1 1 1 1 1 1 0 1 0 1 1 1 0 
37379 37 8147 1 0 0 1 0 1 1 1 1 1 1 0 0 0 1 0 0 1 1 0 1 1 1 1 0 1 0 1 1 1 1 1 0 1 0 0 1 
37380 37 7144 1 0 0 1 0 0 1 1 1 1 0 0 1 1 1 1 1 0 1 0 1 1 0 1 1 1 0 0 1 1 0 0 1 1 1 1 1 
37381 37 8905 1 1 1 1 0 1 1 1 1 1 0 0 1 1 0 0 1 1 0 1 1 0 1 1 1 1 1 1 1 1 1 1 1 1 0 1 1 
37382 37 5780 0 0 0 0 0 1 0 1 1 0 1 1 0 0 0 1 0 1 1 1 1 1 0 1 0 1 0 0 1 1 0 1 1 0 1 0 1 
37383 37 3261 0 1 1 0 0 0 0 0 0 1 1 0 0 0 0 0 1 1 0 0 1 0 0 0 0 0 0 0 1 0 1 0 0 0 0 1 0 
37384 37 9335 1 1 1 1 0 1 0 0 1 0 0 1 1 1 1 1 1 1 1 0 1 1 1 1 1 1 1 1 1 1 1 1 1 1 1 1 0 
37385 37 9565 1 1 1 1 1 1 1 1 0 1 1 1 1 1 1 1 1 1 1 1 1 1 1 1 1 1 1 1 1 0 1 1 1 1 1 1 1 
37386 37 10544 1 0 1 1 1 1 1 1 0 1 1 1 1 1 1 1 1 1 1 1 1 1 1 1 1 1 1 1 1 1 1 1 0 1 1 1 1 
37387 37 5952 1 1 1 0 1 0 0 1 1 0 0 1 1 1 0 0 1 0 0 1 0 1 0 0 1 1 0 0 0 0 1 1 0 0 1 0 1 
37388 37 8951 1 1 1 0 0 1 1 1 1 1 1 1 1 1 1 1 1 0 1 1 0 1 1 1 1 0 1 1 1 1 1 1 1 1 1 1 1 
37389 37 5098 0 0 1 1 0 0 1 0 1 0 1 1 0 0 1 1 1 0 1 1 1 0 0 1 1 0 0 1 0 1 0 1 1 0 0 0 0 
37390 37 6449 1 1 1 1 0 1 0 0 1 1 0 0 0 1 1 0 0 1 1 1 0 0 0 1 1 1 1 1 0 0 0 0 0 1 0 0 0 
37391 37 7773 1 1 1 0 1 1 0 1 1 0 0 0 0 1 0 1 1 0 1 1 1 0 0 1 1 1 1 1 1 1 0 0 1 1 1 0 0 
37392 37 5150 0 1 0 0 1 0 0 1 0 1 0 0 0 1 1 0 0 1 1 0 0 0 1 0 1 0 1 1 0 1 0 1 0 1 0 0 0 
37393 37 5517 0 1 0 1 1 1 1 0 0 0 1 0 0 0 0 0 1 1 1 1 1 0 0 1 0 0 1 0 1 1 0 1 0 1 0 0 1 
37394 37 8522 1 1 0 1 1 1 1 1 1 1 0 1 1 0 0 1 0 1 1 0 1 1 1 1 1 1 1 0 0 1 0 1 0 1 0 1 1 
37395 37 10358 1 1 1 1 1 1 1 1 1 1 1 1 1 1 1 1 1 1 1 1 1 1 1 1 1 1 1 1 1 1 1 1 1 1 1 1 1 
37396 37 2085 1 0 0 0 0 0 0 0 0 0 0 0 1 0 0 0 0 0 1 0 0 0 0 0 0 0 0 1 0 0 1 0 0 0 0 0 1 
37397 37 5364 0 1 0 0 0 1 0 0 1 0 1 1 1 1 1 0 0 1 0 1 0 0 0 0 1 0 0 1 1 0 0 1 1 1 1 0 0 
37398 37 7177 0 0 1 0 0 1 0 1 0 0 1 0 1 1 1 0 0 1 0 1 1 1 0 0 1 1 0 1 1 1 1 1 0 1 1 0 1 
37399 37 10304 1 1 1 1 1 1 1 1 1 1 1 1 1 1 1 1 1 1 1 1 1 1 1 1 1 1 1 1 1 1 1 1 1 1 1 1 1 
37400 37 8499 1 1 1 1 1 1 1 0 1 1 1 1 1 0 1 1 0 1 0 1 1 1 1 1 1 1 1 1 0 1 1 1 1 1 1 1 1 
37401 37 10818 1 1 1 1 1 1 1 1 1 0 1 1 1 1 1 1 1 1 1 1 1 1 1 1 1 1 1 1 1 1 1 1 1 1 1 1 1 
37402 37 9778 1 1 1 1 1 1 1 1 1 1 1 1 1 1 1 1 1 1 0 1 1 1 1 1 1 1 1 1 1 1 1 1 1 1 1 1 0 
37403 37 6699 0 1 1 1 1 0 0 1 0 1 0 1 1 0 1 0 1 1 0 1 0 0 1 1 0 1 0 1 1 0 1 0 1 1 0 0 1 
37404 37 7590 1 1 1 1 0 1 1 0 1 1 0 1 1 1 1 1 0 1 1 1 1 1 1 1 1 1 0 1 0 0 0 0 1 1 1 1 1 
37405 37 5848 0 0 1 1 1 1 0 1 0 1 1 0 0 1 0 0 1 1 0 1 0 0 1 1 1 0 1 1 1 1 0 0 1 1 1 1 1 
37406 37 7912 1 1 1 1 0 1 0 1 1 1 1 1 0 0 1 1 1 0 1 1 1 1 1 1 1 1 1 1 0 1 1 0 1 0 0 0 1 
37407 37 3815 0 0 0 1 1 0 0 0 0 0 1 0 0 0 0 0 1 0 0 0 0 1 0 0 0 0 0 1 0 0 1 1 0 0 0 1 1 
37408 37 8015 1 1 0 1 1 1 1 1 1 0 1 1 1 0 1 0 1 1 0 1 1 1 1 1 1 1 1 1 1 1 1 1 1 1 1 1 1 
37409 37 6518 0 0 0 1 1 0 1 1 1 1 1 1 0 1 0 1 0 1 1 0 1 1 0 0 0 0 0 0 0 1 1 0 0 0 1 1 0 
37410 37 6521 1 0 1 0 1 0 1 0 1 0 1 0 0 1 1 1 0 1 1 1 1 0 0 0 0 0 0 1 0 1 0 0 0 0 1 0 0 
37411 37 8430 0 1 1 0 0 0 0 1 1 0 1 0 0 1 1 0 0 1 0 1 1 1 1 0 1 1 1 1 1 1 1 1 1 1 0 1 1 
37412 37 3169 0 0 0 1 0 0 0 1 1 0 0 0 1 1 0 0 0 1 0 0 1 0 0 0 0 0 1 0 0 0 0 0 0 1 0 0 1 
37413 37 7185 0 1 1 1 1 0 1 1 1 0 1 1 1 1 1 1 1 1 1 1 1 1 1 1 1 1 0 1 1 1 0 1 1 1 1 1 0 
37414 37 8791 1 1 1 1 1 1 1 1 0 0 1 0 0 1 0 1 1 1 1 0 1 1 1 0 1 1 0 1 1 1 1 1 1 1 1 0 1 
37415 37 8065 0 1 1 1 1 1 1 1 1 1 1 1 1 1 1 0 1 1 1 0 1 1 1 1 1 1 1 1 1 1 1 1 0 1 1 1 1 
37416 37 5022 0 1 1 0 1 1 0 0 1 0 0 1 0 0 0 0 1 0 0 0 0 0 0 0 0 1 0 0 1 1 1 0 0 1 0 1 1 
37417 37 9538 1 1 1 1 1 0 1 1 1 1 0 1 1 1 1 0 1 1 1 1 1 1 0 1 1 0 1 1 0 1 1 1 1 1 1 1 1 
37418 37 9108 1 1 1 1 0 1 1 1 0 1 1 1 1 1 1 0 1 1 1 1 1 0 0 0 0 1 1 1 1 1 0 1 1 1 0 1 0 
37419 37 6749 1 1 0 0 0 1 1 0 0 1 0 0 0 0 0 0 0 1 1 0 0 0 1 1 1 1 1 1 1 1 0 1 1 1 1 0 0 
37420 37 8117 1 1 0 0 0 0 1 1 1 1 1 1 1 1 1 1 1 1 1 0 1 1 1 1 1 1 1 1 1 0 0 1 1 1 1 1 0 
37421 37 3553 0 1 0 0 0 1 0 0 0 0 0 0 0 0 0 0 0 1 0 0 1 0 1 1 1 0 0 0 1 1 0 0 0 0 1 0 0 
37422 37 8442 1 1 1 1 1 1 1 1 1 1 1 1 1 1 1 1 1 1 1 1 1 1 1 1 1 1 1 1 1 1 0 1 1 1 1 1 1 
37423 37 7025 1 1 1 1 0 0 0 0 1 1 1 0 0 0 1 1 0 1 1 1 0 1 0 0 0 0 1 1 1 1 1 1 0 0 1 1 1 
37424 37 8615 1 1 1 0 1 1 1 1 1 1 1 0 1 1 0 0 1 0 1 1 1 1 1 0 0 0 1 0 1 0 1 1 1 1 1 1 1 
37425 37 7210 1 1 0 0 1 1 0 0 1 1 0 1 1 1 1 1 1 0 1 1 1 0 1 1 1 1 1 1 1 1 0 0 1 1 1 1 1 
37426 37 4456 1 0 1 0 0 0 0 0 1 0 1 0 1 0 0 0 0 1 0 1 0 1 0 1 1 0 0 0 0 0 0 1 0 0 1 0 0 
37427 37 7442 0 0 1 1 0 0 0 1 0 0 1 0 1 0 0 1 1 1 0 1 1 0 1 1 0 1 1 1 1 0 0 1 0 0 1 1 1 
37428 37 6919 0 0 1 0 0 1 1 1 1 1 0 0 0 0 0 0 1 1 0 0 1 1 1 1 1 1 1 0 1 1 0 0 1 0 0 0 1 
37429 37 5237 1 1 1 0 1 1 0 0 0 1 1 0 0 0 1 1 1 0 1 1 0 1 1 1 0 0 0 1 1 0 0 0 0 1 0 1 0 
37430 37 7920 1 0 1 0 1 0 1 1 0 1 1 1 1 1 1 1 1 1 1 1 0 1 1 1 1 1 1 1 1 1 1 1 1 1 1 1 1 
37431 37 1517 0 0 0 0 1 0 0 0 1 0 0 1 0 0 0 0 0 0 0 0 0 0 0 0 0 0 0 1 0 0 0 0 0 1 0 0 0 
37432 37 8412 1 1 1 1 1 1 0 1 0 1 1 1 1 1 1 1 1 0 1 1 1 0 1 1 1 0 0 1 1 0 1 1 1 1 1 1 1 
37433 37 2203 1 0 0 0 0 0 0 0 0 0 0 0 0 0 1 0 0 0 0 0 0 1 0 0 1 0 0 1 0 1 0 1 0 0 0 0 1 
37434 37 9255 1 1 1 1 1 1 1 1 1 1 1 0 1 1 1 0 1 1 1 1 1 1 1 1 1 1 0 1 1 1 1 1 0 0 0 1 1 
37435 37 4473 1 0 0 1 0 1 1 0 0 0 0 1 0 0 0 0 0 0 0 0 0 0 1 0 1 0 1 0 1 0 1 0 1 0 0 0 0 
37436 37 8186 1 1 1 0 1 0 1 0 1 1 0 0 1 0 1 1 0 1 1 0 1 0 1 1 1 1 1 1 1 0 1 1 1 1 1 0 1 
37437 37 9836 1 1 1 1 1 1 1 1 1 1 1 1 1 1 1 1 1 1 1 1 1 1 1 1 1 1 1 1 1 1 1 1 0 1 0 1 1 
37438 37 5424 0 1 1 0 0 0 0 1 0 1 0 0 0 1 1 0 0 1 0 0 1 1 1 0 1 1 0 0 1 1 1 1 0 1 0 1 0 
37439 37 8707 1 1 1 1 1 1 0 0 1 0 1 1 1 1 1 1 0 1 1 1 1 1 1 1 1 0 1 0 1 1 1 1 1 1 1 1 1 
37440 37 8848 1 1 1 1 1 1 0 1 1 1 1 1 1 0 1 1 1 0 1 1 0 1 1 1 0 1 0 1 1 0 0 1 1 1 1 1 1 
37441 37 7770 1 1 0 0 1 1 0 0 1 1 1 0 0 0 1 1 0 0 1 1 0 0 1 1 1 1 1 0 1 0 0 0 1 1 1 1 0 
37442 37 3959 0 0 1 0 0 0 0 1 0 1 0 0 1 0 1 1 0 1 1 0 1 0 1 0 0 0 0 0 1 0 0 0 0 0 1 0 0 
37443 37 8469 1 1 1 1 0 0 1 1 1 1 0 1 0 1 0 0 1 1 0 1 1 1 1 1 1 0 1 0 1 1 1 1 1 1 1 1 0 
37444 37 7046 0 1 0 1 0 1 0 0 1 0 0 1 0 1 1 1 0 1 0 1 1 0 1 1 0 0 1 0 1 1 1 1 1 1 1 1 0 
37445 37 3180 0 0 0 1 1 0 0 0 1 0 0 0 0 0 0 0 1 0 0 0 0 1 1 0 1 0 0 0 0 0 0 0 0 0 0 1 1 
37446 37 5636 0 0 0 1 1 0 0 1 0 1 0 1 1 1 0 0 1 0 0 1 0 1 0 0 0 1 1 1 1 1 1 0 1 1 0 1 0 
37447 37 7596 1 1 1 1 0 0 1 1 0 0 1 0 1 1 1 1 1 1 0 1 0 0 1 1 1 0 0 0 1 1 1 0 1 1 0 1 0 
37448 37 7046 1 0 1 0 1 0 0 0 1 1 0 1 0 0 0 1 1 0 0 1 0 1 1 1 1 1 1 0 1 0 1 1 0 1 1 1 1 
37449 37 5179 0 1 0 0 0 1 1 1 1 0 0 1 1 1 1 1 1 0 1 0 0 0 1 1 0 0 1 0 1 1 0 0 0 1 0 0 0 
37450 37 4032 0 1 0 1 0 1 1 0 1 0 1 0 1 0 0 0 0 1 1 0 1 0 1 0 0 1 1 0 1 0 1 0 0 0 1 1 0 
37451 37 10653 1 1 1 1 1 1 1 1 1 1 1 1 1 0 1 1 1 1 1 1 1 1 1 1 1 1 1 1 1 1 1 1 1 1 1 1 1 
37452 37 7754 1 1 1 1 1 1 1 1 1 0 1 1 1 1 1 1 1 1 1 1 1 1 1 1 1 1 1 1 1 1 1 0 1 1 1 1 1 
37453 37 8566 1 1 1 1 1 1 1 1 1 1 1 1 1 1 1 1 1 1 1 1 1 1 1 1 1 1 1 1 1 1 1 1 1 1 1 1 1 
37454 37 8323 0 0 1 1 1 1 0 1 1 0 0 0 1 1 1 1 1 1 0 1 1 1 0 1 0 1 0 0 1 1 1 0 1 1 1 0 0 
37455 37 6689 1 0 1 1 1 1 1 0 1 0 0 0 1 0 1 1 0 0 1 1 1 1 1 1 1 1 1 1 1 1 1 1 0 1 1 1 0 
37456 37 3516 1 0 0 0 0 1 1 1 0 0 0 1 0 1 0 0 1 1 0 1 0 0 0 0 0 1 0 1 1 0 0 0 0 0 0 0 0 
37457 37 2722 0 0 1 0 0 0 1 0 0 1 0 0 0 0 0 0 0 1 0 1 0 0 1 0 1 0 0 1 0 0 0 0 1 1 0 0 0 
37458 37 8634 1 1 1 1 1 1 1 1 1 1 1 1 1 1 1 1 1 1 1 1 1 1 1 1 1 1 1 1 1 1 1 1 1 1 1 1 1 
37459 37 7182 0 0 1 0 1 1 0 0 0 1 0 0 1 1 1 1 1 0 1 0 1 1 1 0 0 1 0 0 1 1 0 1 1 0 1 1 1 
37460 37 7015 0 0 1 1 0 0 0 1 1 1 1 0 0 1 1 1 1 0 0 0 1 1 0 1 1 1 1 0 1 1 1 1 1 1 1 0 0 
37461 37 5638 1 1 1 0 0 1 1 0 0 0 1 0 0 0 1 0 0 1 1 0 0 0 0 1 1 1 1 0 1 0 1 1 0 1 1 1 1 
37462 37 4998 0 0 0 1 1 0 0 1 1 1 1 1 0 0 1 0 0 0 1 0 1 1 0 1 1 0 0 1 0 0 0 0 0 0 0 0 0 
37463 37 4332 0 0 1 0 0 1 0 0 0 1 0 0 1 0 1 0 0 0 0 0 1 1 0 0 0 1 0 0 0 1 0 1 0 1 1 0 0 
37464 37 8838 1 1 0 0 1 0 1 1 1 1 0 1 0 1 1 1 0 1 1 0 0 1 1 1 1 0 1 0 1 1 1 1 1 0 0 1 1 
37465 37 8393 1 0 1 1 1 0 1 0 0 1 1 0 1 1 0 1 1 0 1 0 1 0 1 1 1 1 1 1 0 1 1 1 1 1 1 0 1 
37466 37 2733 1 1 0 0 0 0 1 1 0 0 0 0 0 0 0 0 0 0 0 0 0 1 0 0 1 0 0 0 0 1 1 0 0 0 0 0 0 
37467 37 6174 1 0 0 0 1 1 0 0 0 0 1 0 1 0 1 0 0 1 1 1 1 1 1 1 1 0 0 1 1 0 1 0 1 1 1 1 0 
37468 37 7386 1 1 1 1 1 1 1 1 1 1 0 1 1 1 1 1 1 1 1 1 0 1 0 0 0 0 0 1 0 1 0 1 1 1 1 0 0 
37469 37 8446 1 1 1 1 1 0 1 1 1 1 1 1 1 0 1 1 1 1 1 1 0 1 1 1 1 1 0 0 1 1 1 0 1 1 0 0 0 
37470 37 8141 0 0 1 1 1 1 1 1 1 1 1 1 1 1 1 1 1 1 1 1 1 1 1 1 1 1 1 1 1 1 1 1 1 1 0 0 1 
37471 37 5458 0 1 0 0 0 0 0 0 0 0 0 1 1 1 1 0 1 1 0 1 1 1 1 0 1 0 1 0 1 1 0 1 1 0 0 0 0 
37472 37 6258 1 0 1 1 1 1 0 0 1 0 1 0 0 1 1 1 0 0 0 0 1 1 1 0 1 1 0 1 0 0 0 0 1 0 1 0 1 
37473 37 6821 0 0 1 0 1 1 0 1 1 0 1 0 0 1 1 0 1 0 0 0 1 0 1 1 1 1 1 1 1 1 1 0 1 1 0 0 1 
37474 37 8936 1 1 1 1 1 1 1 1 1 1 1 1 1 0 0 1 1 1 1 1 1 1 1 1 1 0 1 1 1 1 1 0 1 1 1 1 0 
37475 37 8409 1 1 1 1 1 1 1 1 1 1 1 1 1 1 1 1 1 1 1 1 1 1 1 1 1 1 1 1 1 1 1 1 1 1 1 1 1 
37476 37 5603 1 0 1 0 1 0 0 1 0 1 0 0 1 0 1 0 0 0 0 0 0 1 1 0 0 1 0 0 1 0 1 1 1 0 0 1 0 
37477 37 7687 1 1 1 1 1 1 1 0 1 1 1 1 1 0 0 1 1 1 0 1 0 1 1 1 1 1 1 1 1 1 1 1 1 1 1 1 1 
37478 37 5157 1 1 0 1 0 1 1 1 0 0 1 1 1 1 1 0 0 0 0 1 1 1 0 0 0 1 0 0 0 1 0 0 0 0 1 0 0 
37479 37 6834 1 1 1 0 1 0 1 1 1 0 0 1 1 1 0 1 1 0 1 1 0 0 1 1 1 0 0 1 1 0 1 0 1 0 0 0 1 
37480 37 2096 1 0 0 0 0 0 0 0 0 0 1 0 0 0 0 0 0 0 1 0 0 0 0 1 0 0 1 0 1 1 0 0 0 0 0 0 0 
37481 37 7926 1 1 1 1 0 1 0 1 1 0 1 1 1 0 0 1 1 1 1 0 1 1 1 1 1 1 1 0 0 1 1 0 1 0 1 1 0 
37482 37 8490 1 0 1 1 1 1 1 1 0 1 1 1 1 1 1 1 1 1 1 1 1 1 1 1 0 1 1 1 1 1 0 1 1 0 1 1 1 
37483 37 9110 1 0 0 1 1 1 1 1 1 0 1 1 0 0 1 0 1 1 1 1 1 1 1 1 1 1 1 1 1 1 1 0 1 1 1 1 1 
37484 37 8470 1 0 1 1 1 1 0 0 0 0 1 0 1 1 0 1 1 1 1 1 1 0 1 0 0 1 1 1 1 1 1 1 1 1 0 1 1 
37485 37 1253 0 0 1 0 1 1 0 0 0 0 0 0 0 0 0 0 0 0 0 0 0 0 0 0 0 0 0 0 0 1 0 0 0 0 0 0 0 
37486 37 6720 0 1 1 0 1 1 0 1 1 1 0 0 1 0 0 1 1 0 0 1 1 0 1 0 1 0 1 1 1 0 0 1 0 1 0 1 0 
37487 37 1281 0 0 0 0 0 0 0 0 0 1 0 0 0 0 0 1 0 0 0 0 0 0 0 0 0 0 1 0 0 0 0 0 0 1 0 0 0 
37488 37 5126 0 0 0 1 0 1 1 0 0 1 0 1 1 1 1 0 0 0 0 1 0 0 0 1 1 1 1 0 0 0 1 0 0 0 0 1 0 
37489 37 6260 0 1 0 0 0 0 1 0 1 1 0 1 0 1 1 0 0 1 1 1 1 1 1 0 0 1 1 0 1 0 1 1 0 0 1 1 0 
37490 37 6813 0 1 1 0 1 1 0 1 0 0 0 1 0 1 1 0 1 0 1 1 1 1 0 1 0 1 0 0 0 0 1 1 0 0 1 1 0 
37491 37 7471 0 0 1 1 1 0 1 0 1 1 1 0 1 0 1 0 1 1 0 1 1 1 1 1 0 0 1 1 1 1 0 1 0 1 1 1 1 
37492 37 6219 0 0 0 0 1 1 0 0 0 1 1 1 1 0 1 1 1 0 0 1 1 0 0 1 0 1 1 1 1 0 0 1 0 0 0 1 0 
37493 37 6551 0 0 0 0 0 1 0 1 1 0 0 1 1 0 0 1 1 1 1 0 0 1 1 1 1 0 0 0 1 1 1 1 1 0 1 1 1 
37494 37 4253 1 1 0 0 0 0 0 1 0 0 0 1 1 0 1 0 0 0 1 0 1 1 0 0 0 0 1 0 1 0 0 0 0 0 1 0 0 
37495 37 6618 0 0 0 1 1 1 0 1 0 1 1 0 1 1 1 1 1 0 0 0 1 0 1 0 1 1 0 1 0 1 1 1 1 0 1 0 1 
37496 37 7234 0 0 0 0 1 0 1 0 1 0 0 1 0 0 0 1 0 1 1 0 0 1 0 1 1 1 1 1 1 0 1 1 1 1 1 1 1 
37497 37 9401 1 1 1 1 0 1 0 1 1 1 1 1 1 1 1 1 0 1 1 1 1 1 0 1 1 0 0 1 1 0 1 1 1 1 1 0 0 
37498 37 5064 0 1 0 0 1 0 0 0 1 0 0 1 1 0 0 1 1 1 0 1 1 1 0 0 0 0 0 1 0 1 1 0 0 1 1 0 0 
37499 37 8038 1 1 1 1 1 0 0 1 0 0 1 1 1 1 1 1 0 1 1 1 0 0 1 1 0 1 1 1 1 1 1 1 1 1 0 1 1 
37500 37 7533 0 0 1 0 1 1 1 0 1 1 0 1 1 1 1 1 1 0 1 1 0 1 0 1 1 0 1 0 1 1 0 0 0 1 1 1 1 
