35001 35 1650 0 0 0 0 1 1 0 0 0 0 0 0 1 1 0 0 0 1 0 0 0 0 1 0 0 0 0 0 0 0 0 0 0 0 0 
35002 35 7553 1 1 1 1 1 1 1 1 1 0 1 0 0 0 1 0 1 1 1 1 0 1 0 0 1 1 1 0 0 1 1 1 1 1 1 
35003 35 9657 1 1 1 1 0 1 1 1 1 1 1 1 0 1 1 1 1 1 1 0 1 1 1 1 1 1 1 1 1 1 1 1 1 1 1 
35004 35 7238 1 0 1 1 1 1 0 1 1 1 1 0 1 0 1 1 1 0 0 1 1 1 1 1 1 1 1 1 0 1 1 0 1 1 1 
35005 35 8817 0 0 0 1 1 1 1 0 1 1 1 1 1 1 0 1 1 0 1 1 1 1 0 1 0 1 1 1 1 1 1 1 1 1 1 
35006 35 6516 1 1 1 1 0 1 0 0 0 1 1 0 0 1 1 1 1 1 1 0 1 0 1 0 0 1 1 0 0 1 0 0 1 0 0 
35007 35 7657 1 1 1 1 1 1 1 1 1 1 1 1 1 1 1 1 1 0 1 1 1 0 1 1 1 1 1 1 1 1 1 1 1 1 1 
35008 35 8752 0 1 0 1 1 0 0 1 1 1 1 1 0 0 0 1 1 1 1 1 1 1 1 1 1 1 1 1 1 1 1 1 1 1 1 
35009 35 5426 0 1 0 1 1 0 0 0 0 1 0 1 0 0 0 0 0 0 1 0 0 1 1 1 0 1 1 1 1 1 1 1 0 1 1 
35010 35 6110 0 1 0 0 1 1 1 0 0 0 1 1 1 1 1 1 1 1 1 0 1 1 0 1 0 1 1 0 0 1 1 1 1 0 1 
35011 35 8034 1 1 0 0 1 1 1 1 1 1 1 1 0 1 1 0 1 1 1 1 1 1 1 1 1 1 1 1 1 0 0 0 1 1 1 
35012 35 3529 1 1 0 0 0 0 1 0 0 0 1 0 0 0 1 0 0 0 0 0 0 0 1 1 1 0 0 1 0 1 0 0 0 0 0 
35013 35 8245 0 0 1 1 1 1 1 1 1 0 1 1 1 1 1 1 1 1 0 1 1 1 1 0 1 1 1 1 1 0 0 1 0 1 1 
35014 35 5050 1 1 0 1 0 1 0 0 1 0 1 0 1 0 0 1 0 0 0 0 1 0 0 0 0 1 1 0 1 0 1 1 0 0 0 
35015 35 8082 1 1 1 1 1 1 0 1 1 1 0 1 1 1 1 1 1 1 1 1 0 1 1 1 1 1 0 1 0 1 1 1 1 1 1 
35016 35 2805 1 0 0 0 0 0 0 0 0 1 0 0 1 0 1 0 1 1 0 0 0 0 0 0 0 0 0 0 1 1 0 0 1 0 0 
35017 35 7491 0 0 0 1 1 1 1 1 1 1 0 0 1 1 1 0 1 0 0 1 1 1 0 1 1 1 1 1 0 0 1 0 1 0 0 
35018 35 5418 0 1 0 0 0 1 0 0 0 1 1 0 0 0 1 1 0 0 0 1 1 1 1 0 1 1 0 0 1 0 0 0 1 0 0 
35019 35 7593 1 1 0 1 1 1 1 0 1 1 1 1 1 1 1 1 1 0 1 1 1 1 0 1 0 0 1 1 1 1 0 1 1 1 1 
35020 35 8792 1 1 1 1 1 1 1 1 1 1 1 1 1 1 1 1 1 1 1 1 1 1 1 1 1 1 1 1 1 1 1 1 1 1 1 
35021 35 7364 1 1 0 0 1 1 0 1 1 1 1 0 0 1 0 0 1 0 1 1 0 0 0 0 1 1 0 1 1 1 1 0 1 1 1 
35022 35 7482 1 1 1 1 1 1 1 1 1 1 1 1 1 1 1 1 1 1 1 1 1 1 1 1 1 1 1 1 1 1 1 1 1 1 1 
35023 35 5429 1 0 1 0 0 1 0 1 1 0 0 1 0 0 0 0 0 0 1 0 1 1 1 0 1 0 1 1 1 1 1 0 1 1 1 
35024 35 8490 0 1 1 0 1 1 1 1 1 0 1 1 1 0 1 1 1 1 1 1 1 1 1 1 1 1 1 1 1 0 0 1 1 1 1 
35025 35 8127 1 1 0 1 1 1 1 0 0 1 1 0 0 1 1 1 1 1 1 1 1 1 1 1 0 1 1 0 0 1 1 0 1 1 0 
35026 35 1836 0 1 0 0 0 1 0 0 0 0 0 1 0 0 0 0 0 0 0 0 0 1 0 0 1 0 0 0 1 0 0 0 0 0 0 
35027 35 3557 0 0 0 1 0 1 0 1 0 0 0 1 0 0 1 0 0 1 0 1 1 1 0 1 0 0 1 0 0 0 1 0 0 0 1 
35028 35 7062 0 1 1 1 0 0 1 1 0 1 1 0 1 1 1 1 1 0 1 1 1 1 1 1 1 1 1 1 1 1 1 1 1 0 1 
35029 35 8528 1 1 0 1 1 0 1 1 1 1 0 1 1 1 1 1 1 1 1 1 0 1 1 1 1 1 0 1 0 1 1 1 1 0 1 
35030 35 7367 0 1 1 1 1 1 1 1 1 1 1 1 0 1 1 1 0 1 0 0 1 0 1 1 1 1 1 1 1 1 1 1 1 1 1 
35031 35 7633 1 1 1 1 0 0 1 1 1 0 1 1 1 0 0 1 0 1 0 1 1 1 1 0 1 1 1 1 1 1 1 0 1 1 1 
35032 35 6728 0 0 1 1 1 0 0 1 1 1 1 0 0 1 1 1 1 1 1 1 1 0 1 0 1 0 1 1 0 1 1 1 0 1 1 
35033 35 7028 1 0 1 1 0 0 1 1 1 0 1 1 1 1 1 0 1 1 1 1 1 1 1 0 0 1 0 1 1 0 0 1 1 1 1 
35034 35 8026 1 1 1 1 0 1 1 1 1 1 1 1 1 0 1 1 1 1 0 0 1 1 1 1 1 1 1 0 0 0 0 0 0 1 1 
35035 35 8823 1 1 0 1 1 1 1 1 1 1 1 1 1 1 1 1 1 1 1 1 1 1 0 1 1 0 1 1 1 0 1 0 1 1 1 
35036 35 2859 0 0 0 0 0 1 0 0 0 0 0 1 0 1 0 1 0 1 0 0 0 0 0 0 0 1 0 0 0 0 1 0 0 0 0 
35037 35 8056 1 0 1 0 1 1 1 1 1 0 1 1 0 1 0 1 1 0 1 1 0 0 1 1 1 1 1 1 1 1 1 1 1 1 1 
35038 35 9019 1 1 1 1 1 1 1 1 1 1 1 1 1 1 1 1 1 1 1 1 1 1 1 1 1 1 1 1 1 1 1 1 1 1 0 
35039 35 5815 0 0 0 1 0 1 1 0 0 0 0 0 0 1 1 1 1 0 1 1 1 0 1 1 1 0 1 0 1 0 1 0 1 1 0 
35040 35 8288 1 1 1 1 1 1 0 1 1 1 1 0 1 1 0 1 1 1 1 1 1 1 1 1 1 1 1 0 0 1 1 1 1 1 1 
35041 35 5814 0 0 1 0 1 1 0 0 1 1 1 1 0 0 0 1 0 1 1 0 0 1 1 0 0 0 1 0 0 1 0 1 1 0 1 
35042 35 7514 1 1 0 0 0 1 1 1 0 0 1 1 1 0 0 0 0 0 0 0 1 1 1 1 1 0 1 1 1 0 1 1 1 1 1 
35043 35 8949 1 1 1 1 1 1 1 1 1 1 1 1 1 1 1 1 1 1 1 1 1 1 1 1 1 1 1 1 1 1 1 1 1 1 1 
35044 35 7763 1 0 1 1 1 1 0 1 1 1 0 1 1 1 0 1 0 0 0 1 1 0 1 1 1 1 1 0 0 1 1 0 1 0 1 
35045 35 7760 1 1 1 1 1 1 1 1 1 1 1 1 1 1 1 1 1 1 1 1 1 1 1 1 1 1 1 1 1 1 1 1 1 1 1 
35046 35 7605 1 1 1 1 1 1 1 1 1 1 1 1 0 1 1 1 1 1 1 1 1 1 1 1 1 1 1 1 1 1 1 1 1 1 0 
35047 35 8384 1 1 0 1 1 1 1 1 0 1 1 1 1 1 1 1 1 1 1 1 1 1 1 1 1 0 0 1 1 1 0 1 1 1 1 
35048 35 4438 0 0 0 0 1 1 0 0 1 0 1 0 0 0 0 0 0 1 1 1 1 0 0 1 0 1 1 0 0 0 0 0 0 0 1 
35049 35 8235 1 1 1 1 1 1 1 1 1 0 1 0 1 1 1 0 0 1 1 1 1 1 1 1 1 1 1 1 1 1 1 1 1 1 1 
35050 35 1921 1 0 0 0 0 1 1 0 0 1 0 0 1 0 0 1 0 0 0 0 0 0 0 0 0 0 0 0 0 0 0 0 0 0 0 
35051 35 3059 0 0 0 1 0 0 0 0 0 0 0 0 1 1 0 0 0 0 0 0 0 0 1 0 0 0 1 0 1 1 0 1 0 1 0 
35052 35 7720 1 1 1 1 1 1 1 0 1 1 1 1 0 1 1 0 1 1 1 0 1 1 1 0 0 0 1 1 0 1 1 0 1 1 0 
35053 35 7196 1 1 1 1 0 0 0 0 1 1 1 0 1 0 0 0 1 1 0 1 1 1 1 1 1 1 0 1 0 1 0 0 1 1 1 
35054 35 9465 1 1 1 0 1 1 0 1 1 1 1 1 1 0 1 1 1 1 1 1 1 1 1 1 1 1 1 1 1 1 1 1 1 1 1 
35055 35 7206 1 1 1 1 1 0 1 1 1 1 1 0 0 1 1 1 1 0 0 1 1 1 1 1 1 1 1 0 1 1 1 1 0 1 1 
35056 35 7799 1 1 1 0 1 1 1 0 1 0 1 1 1 0 1 1 1 1 1 1 1 1 1 1 1 1 1 1 1 1 1 0 1 1 1 
35057 35 2008 0 0 0 0 0 0 0 0 0 0 0 0 1 0 1 0 0 0 0 0 0 0 1 0 0 0 0 0 1 0 0 0 0 0 1 
35058 35 5024 0 0 1 0 1 1 0 0 1 0 1 1 1 1 1 1 1 1 1 0 1 0 0 0 0 0 1 1 0 1 0 0 0 1 0 
35059 35 3483 0 0 0 0 0 0 0 0 1 1 0 1 0 0 1 0 0 1 1 1 0 1 0 0 0 1 0 0 1 0 0 0 1 0 0 
35060 35 6349 1 1 0 0 1 0 1 1 1 0 1 1 1 0 0 1 1 0 1 1 0 0 1 1 1 1 1 0 1 0 0 0 0 0 0 
35060 35 6349 1 1 0 0 1 0 1 1 0 1 1 1 1 0 0 1 1 0 1 1 0 0 1 1 1 1 1 0 1 0 0 0 0 0 0 
35061 35 5198 1 0 0 1 1 0 0 0 0 0 1 0 0 1 1 1 1 1 1 0 0 0 1 1 0 0 0 1 0 0 1 0 0 1 1 
35062 35 7869 1 0 1 1 1 1 1 1 1 1 0 1 0 1 1 1 1 0 1 1 1 1 0 0 1 1 1 1 1 1 1 1 1 1 1 
35063 35 8027 1 1 0 1 1 1 1 1 1 1 1 1 1 1 1 1 1 1 0 1 1 1 0 1 1 1 1 1 1 1 1 1 1 1 1 
35064 35 4774 0 0 0 1 0 0 1 0 0 1 1 1 0 0 1 1 0 1 1 1 1 1 0 1 1 0 0 0 1 0 0 0 1 1 0 
35065 35 10002 1 1 1 1 1 1 1 1 1 1 1 1 1 1 1 1 1 1 1 1 1 1 1 1 1 1 1 1 1 1 1 1 1 1 1 
35066 35 6282 1 1 1 0 0 0 1 0 0 1 0 0 1 0 1 1 1 0 1 0 0 1 0 1 1 0 0 1 1 0 1 1 1 0 1 
35067 35 8183 1 1 0 1 1 1 1 1 1 1 0 1 0 1 0 1 1 1 1 1 1 1 0 1 1 1 1 1 1 0 1 1 1 1 1 
35068 35 6309 1 0 1 1 1 1 1 1 1 0 1 1 1 1 1 1 1 1 1 1 1 1 1 1 1 1 1 1 1 1 1 1 1 1 1 
35069 35 8559 1 0 0 1 1 1 0 1 1 1 1 1 1 1 1 1 1 1 1 1 1 1 1 1 1 1 0 0 1 1 0 1 1 0 1 
35070 35 8445 1 1 0 0 1 1 1 1 1 1 1 1 1 1 1 1 1 0 1 0 1 1 1 1 0 0 1 1 1 0 0 0 1 0 1 
35071 35 8567 1 0 1 1 0 1 1 1 1 1 1 0 1 1 1 0 1 1 1 1 1 1 1 1 1 1 1 1 1 1 1 1 1 1 1 
35072 35 7808 1 0 1 1 1 0 1 1 1 1 1 0 0 1 1 1 1 1 1 1 1 0 1 1 1 0 1 1 0 1 1 1 0 1 1 
35073 35 9201 1 1 1 1 1 0 1 1 1 1 1 1 1 1 1 1 1 1 1 1 1 1 1 1 1 1 1 1 1 1 0 1 1 1 1 
35074 35 6716 1 0 1 0 1 0 1 0 1 0 0 1 1 0 1 1 1 0 1 1 1 0 0 1 0 0 1 1 1 1 1 1 0 1 1 
35075 35 2726 0 0 0 1 1 0 0 0 0 0 1 0 0 0 0 0 0 1 0 0 0 1 0 0 0 0 0 0 1 1 0 0 1 0 1 
35076 35 8842 1 1 1 1 1 1 1 1 1 1 1 1 1 1 1 1 1 1 1 1 1 1 1 1 1 1 1 1 1 1 1 1 1 1 1 
35077 35 8860 1 1 1 1 1 1 1 0 1 1 1 1 0 1 0 0 1 1 1 1 0 1 0 1 0 1 1 0 1 1 1 1 0 1 1 
35078 35 3428 0 0 0 0 1 0 1 0 1 0 1 0 0 0 0 0 0 0 0 1 0 1 1 0 0 1 0 1 1 0 0 0 0 1 0 
35079 35 9003 1 0 1 1 1 1 1 1 1 1 1 1 1 1 1 0 1 1 1 1 1 1 1 1 1 1 1 1 1 1 1 1 1 1 1 
35080 35 7677 1 0 1 0 0 1 0 1 1 0 0 1 0 1 0 1 1 0 1 1 1 1 0 0 1 1 1 0 1 0 1 1 1 1 0 
35081 35 7463 1 1 1 1 1 1 1 1 1 1 1 1 1 1 0 1 1 1 1 1 1 1 1 1 1 1 1 1 1 1 0 1 1 1 1 
35082 35 8143 1 1 1 1 1 1 1 1 1 1 1 1 1 1 1 1 1 1 1 1 1 1 1 1 1 1 1 1 1 1 1 1 1 1 1 
35083 35 8184 0 1 1 1 1 1 1 1 1 1 1 0 1 0 1 1 1 1 1 1 1 1 1 1 1 1 1 1 1 1 1 1 1 1 1 
35084 35 6947 1 1 0 1 0 0 1 1 0 1 0 1 1 0 1 1 1 1 1 0 0 1 0 1 1 0 1 0 1 0 1 1 1 1 1 
35085 35 3716 0 0 1 1 0 0 1 0 0 1 0 0 1 0 0 0 1 0 1 0 0 0 0 0 0 0 0 1 0 0 1 0 1 0 1 
35086 35 5054 1 1 0 0 1 0 0 1 0 0 0 0 1 0 1 0 0 0 0 1 0 1 0 0 1 1 0 1 0 0 1 1 1 0 1 
35087 35 5713 1 0 0 1 1 1 0 0 1 0 1 1 1 0 0 0 0 1 0 0 0 1 1 1 0 1 1 1 1 0 0 0 1 1 0 
35088 35 6778 1 1 0 0 1 0 0 0 1 0 0 0 1 1 0 1 1 1 0 1 1 0 1 0 1 1 1 0 1 0 1 0 0 1 1 
35089 35 5605 0 0 0 1 0 1 0 0 1 1 0 0 1 0 1 1 0 1 1 1 1 0 0 1 1 0 1 1 0 0 0 1 0 0 0 
35090 35 7638 0 0 1 0 0 1 1 0 1 0 1 1 1 1 1 0 0 0 1 0 1 1 1 1 1 1 1 0 1 1 1 1 0 0 0 
35091 35 4703 0 0 0 1 0 1 0 0 0 1 1 1 0 0 0 1 1 1 0 1 0 1 0 0 0 1 1 0 1 0 1 1 1 0 0 
35092 35 2243 0 0 0 1 1 1 0 0 0 0 1 0 0 0 0 0 0 0 1 0 0 1 0 0 0 0 0 0 0 0 1 0 1 0 0 
35093 35 5403 0 0 1 0 1 1 1 0 1 1 0 0 0 1 1 0 1 0 0 1 0 1 1 0 1 0 1 1 0 0 0 0 0 1 1 
35094 35 5897 1 0 0 1 0 0 0 1 0 1 0 1 0 1 1 0 0 1 0 1 1 1 0 1 1 1 1 1 1 1 1 0 0 0 1 
35095 35 6239 1 0 0 0 1 1 0 0 0 0 1 1 0 0 1 1 1 0 0 0 0 1 1 1 0 1 0 1 1 1 1 0 1 1 0 
35096 35 7730 1 1 1 0 1 1 0 1 1 1 1 1 1 1 1 0 1 0 1 1 1 1 1 1 1 1 1 0 1 1 1 1 1 1 1 
35097 35 2921 0 0 0 0 1 0 0 1 1 0 0 1 0 0 1 0 0 0 0 1 0 1 0 0 1 0 0 0 0 0 0 0 0 1 0 
35098 35 6577 0 0 1 0 1 1 0 1 0 1 0 1 0 1 1 0 0 0 1 1 0 1 1 0 1 1 1 1 1 1 1 1 1 0 1 
35099 35 8179 1 1 1 1 1 1 1 1 1 1 1 1 1 1 0 1 0 1 0 1 0 1 1 1 1 1 1 0 1 0 0 1 1 1 1 
35100 35 8778 1 1 1 1 1 1 1 1 1 1 0 1 1 1 1 1 0 1 1 1 1 1 1 1 1 1 1 1 1 1 1 1 1 1 1 
35101 35 10039 1 1 1 1 0 1 1 1 1 1 1 0 1 0 1 1 1 1 0 1 1 1 1 1 1 1 1 1 1 1 1 1 1 1 1 
35102 35 5816 0 0 0 1 0 1 1 1 0 0 1 1 0 0 0 0 1 0 0 0 1 0 0 1 1 1 0 1 1 1 0 1 0 1 1 
35103 35 7619 1 1 1 1 0 0 1 1 0 1 0 1 0 1 1 0 1 0 1 1 0 0 1 1 1 1 1 1 1 1 1 1 1 1 0 
35104 35 3939 0 1 0 1 1 0 0 0 0 0 0 1 1 0 0 0 1 1 0 0 0 1 0 0 1 0 0 0 1 0 0 0 1 1 0 
35105 35 4695 0 0 0 1 1 0 0 1 0 0 0 0 0 0 0 1 0 1 1 1 1 1 1 0 0 1 0 1 0 0 1 0 0 0 1 
35106 35 8954 1 1 1 1 1 1 0 1 1 1 1 0 1 1 1 1 0 0 1 0 1 1 1 1 1 0 1 1 1 1 1 1 0 1 1 
35107 35 10644 1 1 1 1 1 1 1 1 1 1 1 1 1 1 1 1 1 1 1 1 1 1 1 1 1 1 1 1 1 0 1 1 1 1 0 
35108 35 5958 1 1 1 0 1 0 0 1 1 1 1 1 1 0 1 0 1 0 1 0 0 0 0 1 1 0 0 0 1 0 0 1 1 1 1 
35109 35 9102 1 1 1 0 1 1 1 1 0 1 1 1 0 1 1 1 1 1 1 1 1 1 1 1 1 0 1 1 1 1 1 1 0 1 1 
35110 35 4811 0 0 0 0 1 0 0 0 1 0 1 1 1 0 0 0 0 1 1 1 0 0 0 1 1 1 0 1 0 1 0 1 1 0 1 
35111 35 5903 0 0 0 0 1 1 0 1 0 0 0 0 1 0 1 1 1 0 1 0 0 1 1 0 1 1 0 1 1 0 0 1 1 1 0 
35112 35 5380 1 1 0 0 0 0 0 1 0 0 1 0 1 1 1 1 0 1 0 1 1 0 1 1 1 0 0 1 0 0 1 1 1 0 0 
35113 35 5518 0 1 1 0 1 0 1 1 1 0 1 0 0 1 1 0 0 0 0 0 0 1 0 0 0 0 0 1 0 1 1 0 1 0 1 
35114 35 6878 1 0 1 1 1 0 1 0 1 0 1 1 1 0 1 0 1 0 1 1 0 1 0 0 0 1 1 1 0 1 1 0 1 0 1 
35115 35 3773 0 0 0 1 0 1 1 0 0 1 0 0 0 1 0 0 1 1 1 0 0 0 0 0 0 0 0 1 1 1 1 1 1 0 0 
35116 35 9260 1 1 1 1 1 1 1 1 0 1 1 1 1 1 1 1 1 1 1 0 1 1 1 0 0 1 1 1 0 1 0 1 1 1 1 
35117 35 6457 1 1 0 0 0 1 1 0 0 0 1 0 1 0 1 1 0 1 1 0 1 1 1 1 0 0 1 1 1 0 1 1 1 0 1 
35118 35 10620 0 1 1 1 1 1 1 1 1 1 1 0 1 1 1 1 1 1 1 1 1 1 1 1 1 1 0 1 1 1 1 1 1 1 1 
35119 35 6732 1 0 1 0 0 1 1 0 1 1 1 1 0 1 1 1 1 0 1 1 1 1 0 0 1 0 0 1 1 1 0 0 1 0 0 
35120 35 2070 0 0 0 0 1 0 0 0 0 1 1 0 0 0 1 0 0 0 0 0 0 0 0 1 0 1 0 0 1 0 0 0 0 0 0 
35121 35 8299 0 1 0 1 0 0 1 1 1 1 1 1 1 0 0 1 1 1 1 0 1 1 0 0 0 1 1 1 0 1 1 1 0 1 0 
35122 35 7892 1 1 1 1 1 1 1 1 1 1 1 1 1 1 1 1 1 1 1 1 1 1 1 1 1 1 1 1 1 1 1 1 1 1 0 
35123 35 8450 0 1 1 1 0 0 1 1 1 1 0 1 1 1 1 1 1 1 1 1 1 1 1 1 0 1 0 1 0 0 1 1 1 1 1 
35124 35 6306 0 1 0 1 0 0 0 0 0 0 1 1 1 1 0 1 1 0 1 1 1 1 1 1 1 1 0 1 0 0 1 0 1 1 1 
35125 35 9183 1 1 0 1 1 1 1 0 1 1 1 1 1 1 1 0 0 1 1 0 1 1 1 0 1 1 1 1 1 1 0 1 1 1 1 
35126 35 8868 1 1 1 1 1 1 1 1 1 1 1 1 1 1 1 1 1 1 1 1 1 1 1 1 1 1 1 1 1 1 1 1 1 1 1 
35127 35 4307 1 0 0 0 1 0 0 0 0 0 0 1 0 1 0 1 0 1 1 0 0 0 0 0 0 0 1 1 1 0 1 0 1 0 0 
35128 35 6532 0 1 0 1 0 1 1 1 0 1 0 1 0 1 1 1 0 1 1 1 0 1 0 0 0 1 0 0 0 1 1 1 1 0 0 
35129 35 6571 1 1 1 1 0 1 1 1 1 1 1 1 1 1 1 1 1 1 0 1 0 1 1 0 0 1 1 1 1 1 0 1 1 1 1 
35130 35 3174 0 0 0 0 0 0 0 0 0 0 0 0 0 0 1 1 1 0 0 1 0 1 1 0 0 0 0 0 0 1 0 0 1 0 0 
35131 35 1631 0 0 0 0 0 0 0 0 0 0 0 0 0 1 1 0 0 0 0 0 0 0 0 0 0 0 1 0 0 1 0 0 0 0 0 
35132 35 5872 0 1 0 1 1 1 1 0 0 0 0 1 0 1 0 0 0 1 1 0 1 1 0 0 0 0 1 1 1 0 1 0 0 0 0 
35133 35 4263 1 0 0 0 1 1 0 0 1 1 1 1 0 0 0 0 0 1 0 0 0 0 0 1 0 0 0 0 0 1 0 0 1 1 1 
35134 35 5360 0 0 0 0 1 0 0 0 1 1 0 1 0 0 1 0 0 1 0 1 0 1 1 1 1 1 1 0 0 1 0 1 1 1 1 
35135 35 8298 1 1 1 1 1 1 1 1 1 1 1 1 1 1 1 1 1 1 1 1 1 0 1 1 1 1 1 1 1 1 0 1 1 1 1 
35136 35 8131 0 1 1 0 1 1 1 1 1 1 0 1 1 0 1 1 1 1 1 1 1 1 1 1 1 1 1 1 1 1 1 1 1 1 1 
35137 35 8747 1 1 1 1 1 1 1 1 1 1 1 1 1 1 0 0 1 1 1 1 1 1 1 1 1 1 0 1 1 1 1 0 1 1 1 
35138 35 5372 0 0 0 0 0 1 1 0 0 1 1 0 0 1 0 0 0 1 0 1 1 1 1 0 0 1 1 1 1 0 1 0 0 0 0 
35139 35 9010 1 1 1 1 1 0 1 1 1 0 1 1 1 1 1 1 1 0 1 1 1 1 1 1 1 1 1 1 0 1 1 1 1 1 1 
35140 35 7008 1 1 1 1 1 0 1 0 1 1 1 1 0 1 1 1 0 1 1 1 1 1 1 1 1 1 1 1 1 1 1 1 0 1 1 
35141 35 6756 1 0 1 1 1 1 1 0 1 1 0 0 0 1 0 1 1 1 1 1 0 0 1 1 1 1 1 1 1 0 1 1 1 1 1 
35142 35 7743 1 1 0 1 1 1 0 1 1 1 1 1 1 1 1 1 1 1 1 1 1 1 1 1 1 1 1 1 1 1 1 1 1 1 0 
35143 35 7364 1 1 1 1 1 1 1 1 1 1 1 1 1 1 1 0 1 1 1 1 1 0 1 0 1 1 0 0 1 1 1 1 0 1 1 
35144 35 8787 1 1 1 1 1 0 1 1 1 0 1 1 1 1 1 1 0 1 1 1 1 1 1 1 1 1 1 1 1 1 1 1 1 1 1 
35145 35 4024 1 0 0 1 0 1 0 0 1 0 0 0 1 0 0 1 0 1 0 1 1 1 0 0 0 0 1 0 1 0 0 0 1 0 0 
35146 35 7521 0 1 0 0 1 1 1 0 0 1 1 1 1 1 1 0 1 0 1 1 1 0 0 1 1 1 1 1 0 1 1 0 1 0 0 
35147 35 9476 1 1 1 0 1 1 1 1 0 1 1 1 0 1 1 1 1 1 1 1 1 1 1 1 1 1 1 1 1 1 1 1 1 1 1 
35148 35 3398 1 0 0 1 1 0 0 0 0 1 1 0 0 0 1 0 0 0 0 1 0 0 0 0 0 1 0 0 0 1 0 0 1 1 1 
35149 35 2823 0 0 0 0 1 0 0 0 0 1 0 0 1 1 1 1 0 0 0 0 0 1 1 0 1 0 0 0 0 0 0 0 0 0 0 
35150 35 8808 1 0 1 1 1 1 0 1 0 1 1 0 1 1 1 1 1 1 1 1 1 1 1 1 1 1 1 1 0 0 1 0 1 0 1 
35151 35 8459 1 1 1 1 1 1 1 1 1 1 1 1 1 1 1 1 1 0 1 1 1 1 0 1 1 1 0 1 1 1 1 0 1 1 1 
35152 35 6737 1 1 1 1 1 0 1 0 1 0 1 0 0 1 1 0 1 1 1 0 1 1 0 0 1 1 0 0 1 1 1 1 0 1 1 
35153 35 5383 1 1 0 0 0 0 1 0 1 0 0 0 0 0 1 0 1 0 1 0 1 1 1 1 0 1 0 1 1 1 0 1 0 1 1 
35154 35 5657 0 1 0 1 1 0 0 1 1 1 0 1 0 1 0 1 1 1 1 0 1 0 1 0 0 1 0 0 0 1 1 0 0 0 0 
35155 35 7602 0 0 1 1 1 1 1 1 0 1 1 1 1 1 0 1 0 1 1 1 1 1 1 1 1 0 0 1 1 1 0 1 1 1 1 
35156 35 5547 1 1 0 1 0 0 1 1 1 0 0 1 1 1 1 1 1 1 0 0 0 1 1 0 1 0 0 0 0 1 0 0 0 0 1 
35157 35 2676 1 1 1 0 0 0 0 0 0 0 0 0 0 1 0 0 0 0 0 0 0 0 0 0 0 0 0 1 0 1 0 1 0 0 0 
35158 35 4105 0 0 1 0 0 0 1 0 1 1 1 0 0 0 0 0 0 0 0 0 1 0 0 1 0 0 1 0 0 1 1 0 1 0 0 
35159 35 6421 0 1 1 1 1 0 0 1 1 1 1 0 1 0 1 1 1 0 0 1 1 1 0 0 1 1 1 1 1 1 1 0 1 0 0 
35160 35 4520 0 1 1 1 0 0 0 0 0 1 0 0 1 0 1 0 1 1 0 1 0 1 0 0 1 0 0 1 0 1 0 0 0 0 1 
35161 35 3751 0 0 1 1 1 0 1 0 0 0 0 1 1 0 0 0 1 0 0 1 1 1 0 0 0 0 0 0 0 0 1 1 0 0 1 
35162 35 8313 1 1 1 1 1 1 0 1 1 1 1 1 1 1 1 1 1 1 1 0 1 1 1 1 1 1 1 1 0 1 1 1 1 1 1 
35163 35 8533 1 0 0 1 1 1 1 0 1 1 1 1 1 0 1 1 1 1 0 1 1 1 1 1 1 1 1 1 1 0 1 1 1 1 1 
35164 35 8063 1 0 1 0 1 1 0 1 1 1 1 1 1 1 1 1 1 1 1 0 1 0 1 1 1 1 0 1 1 1 1 0 1 0 1 
35165 35 5377 1 0 0 0 1 0 0 0 0 0 0 1 0 0 0 0 1 0 1 1 0 0 0 1 1 0 1 1 0 1 0 1 0 1 1 
35166 35 8202 1 1 1 1 1 1 1 1 1 1 1 1 1 1 1 1 1 1 1 1 1 1 1 1 1 1 1 0 1 1 1 1 1 1 1 
35167 35 7024 1 0 1 1 0 1 0 0 1 1 1 1 1 0 0 1 0 0 0 0 1 0 1 1 0 1 1 1 1 0 1 0 1 1 0 
35168 35 7960 1 0 0 0 1 1 1 0 1 1 1 1 1 0 0 1 1 1 1 1 1 1 1 1 1 1 1 0 1 1 0 1 1 1 1 
35169 35 6865 1 0 1 0 0 1 1 1 1 0 1 0 0 1 0 1 0 0 1 0 1 1 1 0 1 0 1 1 0 0 1 1 0 1 1 
35170 35 6309 1 0 0 0 1 0 1 0 0 0 1 1 0 1 0 1 0 1 1 1 1 1 0 1 0 1 1 1 0 1 0 1 0 1 0 
35171 35 8235 1 1 1 1 1 1 1 0 1 1 1 0 0 1 1 1 1 1 1 1 1 1 0 1 1 1 0 1 1 1 1 1 0 1 1 
35172 35 7710 1 1 1 1 0 1 1 1 1 1 0 1 0 1 0 1 1 0 1 0 1 0 1 1 0 1 1 1 0 0 1 1 1 1 1 
35173 35 8209 1 1 1 1 1 1 1 1 1 1 1 1 1 1 1 1 1 1 1 1 1 1 1 1 1 1 1 1 1 1 1 1 1 1 1 
35174 35 1745 0 0 0 0 0 0 0 1 1 0 0 0 0 0 0 0 0 0 0 0 0 0 0 0 1 1 0 0 0 0 0 0 0 1 0 
35175 35 2968 0 0 0 0 1 0 0 0 1 0 0 0 0 1 0 1 0 1 0 0 0 0 1 0 0 0 0 1 1 0 0 1 1 0 0 
35176 35 6252 1 0 0 0 0 1 0 1 0 0 0 1 1 1 1 0 1 0 1 0 1 1 1 0 1 0 0 1 1 1 0 0 1 0 0 
35177 35 7115 0 0 0 1 1 1 0 1 1 0 0 0 0 1 1 1 0 0 0 1 1 1 1 1 0 1 0 1 1 1 1 0 1 1 1 
35178 35 1362 0 0 0 0 0 1 1 0 0 0 0 0 0 0 0 0 0 0 1 0 0 1 0 0 0 0 0 0 0 1 0 0 0 0 1 
35179 35 8394 1 1 1 1 1 1 1 1 1 1 1 1 1 1 1 1 1 1 1 1 1 1 1 1 1 1 1 1 1 1 1 1 1 1 1 
35180 35 5522 1 1 1 0 0 0 0 1 1 0 1 0 0 1 0 1 1 0 1 0 0 0 0 1 0 0 1 0 1 1 1 1 1 1 0 
35181 35 7603 1 0 1 1 1 1 1 1 1 0 1 0 1 0 1 1 0 0 0 1 1 1 1 1 1 1 1 1 1 1 1 1 1 1 1 
35182 35 7508 1 1 1 1 1 1 1 1 1 1 1 1 1 1 1 1 1 0 1 1 1 1 1 1 1 1 1 1 1 1 1 1 1 1 1 
35183 35 8039 1 1 0 1 0 1 1 0 1 1 1 1 1 0 1 1 1 0 1 1 1 0 1 0 1 1 1 1 0 1 1 1 1 1 1 
35184 35 8637 1 1 1 0 1 0 1 1 1 1 1 1 1 1 1 1 0 1 1 1 0 1 1 1 1 1 1 1 1 0 1 1 1 1 1 
35185 35 8509 0 1 1 1 1 0 0 0 1 1 0 0 1 1 1 0 1 1 1 1 0 1 1 1 1 1 0 0 1 1 1 0 1 1 0 
35186 35 1013 0 0 0 0 0 0 0 1 0 0 0 0 0 0 0 0 0 0 0 0 0 0 0 0 1 0 0 0 1 0 0 0 0 0 0 
35187 35 3494 0 0 0 1 1 1 0 0 0 0 0 0 1 0 1 0 0 1 1 0 0 0 0 0 1 1 0 0 0 0 0 0 0 0 0 
35188 35 8795 1 1 1 0 1 1 1 1 1 1 1 1 1 1 1 1 0 1 1 1 1 1 1 1 1 1 0 1 1 1 1 1 1 1 1 
35189 35 9336 1 1 1 1 1 1 0 1 1 1 1 1 1 1 1 1 1 1 1 0 1 0 1 1 1 1 1 0 1 1 1 1 1 1 1 
35190 35 9219 1 1 1 1 1 1 1 1 1 0 1 1 1 1 1 1 1 1 1 1 1 1 1 1 1 1 1 1 0 1 1 1 1 1 1 
35191 35 6865 1 1 1 0 0 1 1 0 0 1 1 1 1 1 1 1 1 0 1 0 1 1 1 1 1 1 0 1 1 1 1 1 0 1 0 
35192 35 6833 1 1 1 1 1 1 1 1 1 1 1 1 1 1 1 1 0 1 1 0 1 1 0 1 1 1 1 0 1 1 0 1 1 0 1 
35193 35 2948 0 1 0 1 0 1 0 1 1 0 0 1 0 0 0 0 1 0 0 1 1 1 0 0 0 0 0 0 1 0 0 0 0 1 1 
35194 35 3293 1 0 1 0 0 1 0 0 0 0 0 0 1 0 0 0 0 0 0 1 0 1 0 0 0 0 1 1 1 0 0 0 0 0 0 
35195 35 8070 1 1 1 1 1 1 1 1 1 1 1 1 1 1 1 1 1 1 1 1 1 1 1 1 1 1 1 1 1 1 1 1 1 1 1 
35196 35 9338 1 1 1 1 1 0 1 1 1 1 1 1 1 1 1 1 1 1 1 1 1 1 1 1 1 1 1 1 1 1 1 1 1 1 1 
35197 35 8385 1 0 1 1 1 1 1 1 0 1 1 1 1 0 1 0 1 1 1 1 0 1 1 1 1 1 1 0 0 0 0 1 1 1 1 
35198 35 8174 1 1 1 1 1 1 1 1 1 1 0 1 1 1 1 1 1 1 1 1 1 1 0 1 1 1 1 0 0 1 1 1 1 1 1 
35199 35 8465 0 1 1 1 1 1 1 1 1 1 1 1 0 1 1 1 1 1 1 0 1 1 1 1 1 1 1 1 1 1 0 1 1 1 1 
35200 35 8944 1 1 1 1 1 0 1 1 1 1 1 1 1 1 1 1 1 1 1 1 1 1 0 1 1 1 0 1 1 1 0 1 1 1 1 
35201 35 5074 0 0 1 1 1 0 0 0 0 0 1 0 0 1 1 0 0 0 1 0 0 0 0 0 0 1 1 1 0 0 1 1 1 1 0 
35202 35 7718 1 1 0 1 1 0 1 1 1 0 1 1 1 1 1 1 1 1 1 1 1 1 1 1 1 1 1 1 1 1 1 1 1 1 1 
35203 35 7776 1 0 0 1 0 0 1 1 1 0 1 1 1 1 0 1 1 1 0 1 0 0 1 1 1 1 0 1 1 1 1 1 1 1 1 
35204 35 8887 0 1 1 0 1 0 1 1 1 1 1 1 1 1 1 1 1 0 1 1 0 1 1 0 1 1 1 1 0 1 1 1 1 1 1 
35205 35 5280 1 1 0 0 1 1 1 1 0 0 1 0 0 0 0 1 0 1 0 0 0 1 0 0 1 0 0 1 1 0 0 1 0 1 1 
35206 35 6681 1 1 0 0 0 0 1 1 0 1 0 1 1 1 0 1 1 0 1 1 0 0 1 1 1 1 0 1 0 1 0 0 1 0 1 
35207 35 7855 1 1 1 1 1 1 1 1 1 1 1 1 1 1 1 1 1 1 1 1 1 1 1 1 1 1 1 1 1 1 1 1 1 1 1 
35208 35 7989 1 1 1 1 1 1 1 1 1 0 1 1 1 0 1 1 0 1 1 1 0 1 1 1 1 1 1 1 1 1 1 1 1 1 1 
35209 35 6052 0 0 0 0 1 0 0 1 1 1 0 0 0 1 1 0 0 1 1 1 1 0 1 0 1 1 1 0 0 0 1 0 1 1 1 
35210 35 8152 0 1 1 0 0 1 0 0 1 0 0 1 1 1 1 1 1 1 0 1 1 1 1 0 0 0 0 1 1 1 1 0 1 1 1 
35211 35 9362 1 1 1 1 1 1 1 1 1 1 1 1 1 1 1 1 1 1 1 1 1 1 0 1 0 1 0 1 1 1 0 1 1 1 1 
35212 35 5894 0 0 0 1 1 1 0 1 0 0 0 0 1 1 1 1 0 0 0 1 0 1 1 1 0 1 1 0 1 1 0 0 1 1 1 
35213 35 7096 1 1 0 0 1 1 1 1 1 1 1 1 1 1 0 1 1 1 1 1 0 1 0 1 1 1 1 0 0 0 1 0 1 1 1 
35214 35 7380 1 1 0 1 0 1 1 0 0 0 1 0 0 1 1 1 0 0 0 1 1 1 1 1 0 1 0 1 1 0 1 1 0 1 1 
35215 35 7974 1 1 1 1 1 1 0 1 1 1 1 1 1 0 1 1 1 1 1 1 1 1 0 1 1 1 1 0 1 1 1 1 1 0 1 
35216 35 9044 1 1 1 1 1 1 1 1 1 1 0 1 0 1 0 1 1 1 0 0 1 1 1 1 1 1 1 1 0 0 1 1 1 1 1 
35217 35 3453 0 0 0 0 1 1 0 1 1 0 1 0 0 1 0 1 1 1 0 0 0 0 1 0 0 0 0 1 0 0 0 0 0 0 1 
35218 35 7088 1 0 1 1 1 1 0 0 1 1 0 1 1 0 1 0 0 1 0 1 1 1 0 1 0 1 0 1 1 0 1 0 1 0 0 
35219 35 5818 0 1 0 0 0 1 0 0 0 0 1 0 1 1 1 1 0 0 1 1 1 1 0 0 0 1 1 1 1 1 0 0 0 0 0 
35220 35 4259 1 1 0 0 0 0 0 1 0 1 1 0 1 0 0 1 0 0 1 0 0 0 0 0 0 0 1 0 1 0 0 1 0 0 1 
35221 35 8261 1 1 1 1 1 1 1 1 1 1 1 1 1 1 1 1 1 1 1 1 1 1 1 1 1 1 1 1 1 1 1 1 1 1 1 
35222 35 5201 1 1 0 0 0 0 1 0 1 1 0 1 1 0 1 0 0 0 1 1 0 0 1 0 1 0 0 1 0 0 1 0 1 0 0 
35223 35 6857 0 1 0 0 0 1 0 0 1 0 1 1 1 1 0 1 1 0 1 1 1 1 1 1 1 0 1 0 1 1 0 1 1 1 0 
35224 35 3092 0 1 0 1 0 1 0 0 1 0 1 0 0 0 1 0 0 0 1 1 0 0 0 1 0 1 0 0 0 0 1 0 0 0 0 
35225 35 6281 1 1 1 1 0 0 1 1 1 0 0 0 1 0 0 0 1 0 1 1 0 1 1 1 0 0 1 1 0 1 1 1 1 1 0 
35226 35 8634 1 1 1 0 0 0 1 1 1 1 0 1 1 1 1 1 1 0 1 1 1 1 1 1 1 1 1 1 1 1 1 1 1 1 1 
35227 35 7879 1 1 1 1 0 1 0 0 0 1 1 0 1 0 0 1 1 0 1 1 1 0 1 1 1 1 1 1 1 1 1 1 1 0 1 
35228 35 5360 0 1 0 1 1 0 0 1 0 0 1 0 0 0 1 1 0 0 1 0 1 0 0 0 1 1 0 1 1 0 0 1 0 1 1 
35229 35 3395 0 0 1 0 0 0 0 1 0 1 1 0 0 0 0 0 0 1 0 0 1 1 0 0 1 1 0 0 0 1 1 0 0 0 1 
35230 35 8317 0 1 1 1 1 1 1 0 0 1 1 1 1 1 1 1 0 1 1 1 1 0 0 1 0 1 0 0 1 1 1 1 1 1 0 
35231 35 8044 1 0 0 0 1 0 1 0 1 1 0 0 1 0 1 1 0 1 1 1 1 0 0 0 1 0 1 1 0 1 1 0 1 1 1 
35232 35 7762 1 0 1 0 1 0 0 1 0 1 0 1 1 1 0 1 1 0 1 0 0 1 1 1 0 1 0 1 1 1 0 1 1 1 1 
35233 35 6812 0 1 0 0 1 1 1 0 1 0 0 1 0 1 0 0 1 1 1 0 1 1 1 0 0 0 0 1 0 1 1 1 0 1 1 
35234 35 2974 0 1 1 0 1 0 0 0 0 0 0 0 0 1 0 1 0 1 0 0 0 0 0 0 1 0 0 0 0 0 1 0 0 0 0 
35235 35 8191 1 0 0 1 1 0 0 1 1 1 1 1 1 1 0 0 0 0 1 0 1 1 1 1 1 1 0 1 1 1 1 1 1 0 0 
35236 35 8225 0 1 1 1 1 1 1 1 1 1 1 1 1 1 1 1 1 1 1 1 1 1 1 1 1 1 1 1 1 1 0 1 1 1 1 
35237 35 1967 0 0 1 0 1 0 1 0 0 0 1 0 0 0 0 0 0 0 0 0 0 0 0 0 0 0 0 0 0 0 0 0 1 1 0 
35238 35 5890 1 1 1 0 1 1 1 1 1 1 0 0 1 0 1 1 0 0 0 0 0 1 0 0 0 0 1 1 0 1 1 1 1 0 1 
35239 35 6425 1 1 1 1 1 0 0 1 1 1 1 1 0 1 1 1 1 1 0 0 0 0 1 1 1 0 0 1 1 0 0 0 0 0 1 
35240 35 9369 1 0 1 1 1 1 1 1 1 1 1 1 1 1 1 1 1 1 1 1 1 1 0 1 0 1 1 1 0 1 1 1 0 1 1 
35241 35 5773 1 1 0 1 1 1 1 0 0 0 1 0 0 1 0 0 1 1 1 1 1 0 0 0 1 0 0 0 1 0 0 0 0 1 1 
35242 35 6548 0 1 0 1 1 1 0 0 1 1 1 1 1 0 1 1 0 1 0 0 0 0 1 0 1 1 1 1 0 1 0 0 1 0 0 
35243 35 3595 0 0 0 1 0 0 0 1 0 1 0 0 0 0 0 0 1 0 1 1 1 1 0 0 0 0 0 0 1 0 0 1 0 0 0 
35244 35 9479 1 1 1 1 1 1 1 1 1 1 1 1 1 1 1 1 1 1 1 1 1 1 1 1 1 1 1 1 1 1 1 1 1 1 1 
35245 35 3010 1 0 0 0 0 1 0 1 1 1 0 0 0 0 0 1 0 0 1 0 0 1 0 1 0 0 0 0 1 0 0 0 0 0 0 
35246 35 9613 1 1 1 1 0 1 0 1 1 1 0 1 1 0 1 1 1 1 1 1 1 1 1 1 1 1 1 1 1 1 1 1 0 1 1 
35247 35 6366 1 0 1 1 1 0 1 0 0 1 1 0 0 1 1 1 1 1 1 0 1 0 0 1 0 1 1 1 0 1 1 1 1 1 1 
35248 35 6442 1 1 0 1 0 0 1 1 1 1 0 1 0 0 1 1 0 1 0 0 1 0 0 1 1 1 1 1 1 0 1 1 1 0 1 
35249 35 6654 1 1 0 1 1 1 1 0 1 0 1 1 1 0 1 0 1 1 0 0 1 0 1 1 0 1 1 0 0 1 1 0 0 0 1 
35250 35 8986 1 1 1 1 0 1 1 1 0 0 0 1 1 1 1 1 1 1 1 1 1 1 1 1 0 1 1 1 1 1 0 0 1 1 1 
35251 35 9686 1 1 1 1 0 1 1 1 1 1 1 1 1 1 1 1 1 1 1 1 1 1 1 1 1 1 1 0 0 1 0 1 1 1 1 
35252 35 3296 1 0 0 0 1 0 0 0 1 0 0 0 1 0 0 0 0 0 1 0 0 0 0 1 0 0 1 0 0 0 0 0 1 0 1 
35253 35 5673 0 1 0 0 0 1 1 0 1 0 1 0 0 1 1 1 0 1 0 1 1 1 1 0 0 0 0 0 0 0 1 1 1 1 1 
35254 35 1515 1 0 0 0 0 0 0 0 0 1 0 0 1 0 0 0 0 0 0 0 0 0 1 1 0 0 0 0 0 0 1 0 0 0 0 
35255 35 7426 0 1 0 1 0 1 1 0 1 1 0 1 1 1 1 0 1 1 1 1 1 0 1 0 0 0 0 1 1 1 1 0 1 1 0 
35256 35 8242 1 1 1 1 1 1 1 1 1 1 1 1 1 1 0 1 0 1 1 1 1 1 1 1 1 1 1 1 1 1 1 1 1 1 1 
35257 35 7517 1 1 0 1 1 1 1 1 1 1 0 1 1 1 1 1 1 1 1 0 1 1 1 1 1 1 1 1 1 1 1 1 1 1 1 
35258 35 6940 0 1 1 0 1 0 0 0 1 1 1 1 1 1 1 1 0 1 0 1 1 0 0 1 1 0 1 1 0 1 0 1 1 0 1 
35259 35 8798 0 1 0 1 0 1 0 1 1 1 1 1 1 1 0 1 1 1 1 1 0 1 1 0 1 1 1 1 1 1 1 1 1 0 1 
35260 35 2561 0 0 0 0 0 0 0 0 1 1 0 1 1 0 1 1 1 0 0 1 0 1 1 0 0 0 0 0 0 0 0 0 0 0 0 
35261 35 2117 0 0 1 0 0 0 0 0 0 0 0 0 1 0 0 0 0 0 0 0 0 0 0 0 1 0 1 0 1 0 0 0 0 0 0 
35262 35 7961 0 1 1 1 1 0 0 1 1 0 0 0 1 1 1 1 1 1 1 1 1 0 1 1 1 1 0 1 1 0 0 1 0 1 0 
35263 35 5529 0 0 0 1 0 1 0 1 1 0 0 1 0 0 1 1 0 0 0 0 1 1 0 1 1 0 0 1 0 1 0 1 0 0 1 
35264 35 8250 1 1 0 1 1 1 1 1 1 1 1 0 1 0 1 1 0 1 1 1 0 1 1 0 1 1 1 0 1 0 1 1 1 0 1 
35265 35 9324 1 1 1 1 1 1 1 1 1 1 0 1 1 1 1 1 1 1 1 1 1 1 0 1 1 1 1 1 1 0 1 1 1 1 1 
35266 35 7542 1 1 1 1 1 1 1 1 1 1 1 1 1 1 1 1 1 1 0 0 1 1 1 1 1 1 1 1 1 1 1 1 1 1 1 
35267 35 5050 1 1 1 1 1 0 0 1 1 0 1 1 1 0 1 1 0 0 1 1 1 1 0 0 0 0 0 0 1 0 1 1 1 0 0 
35268 35 5673 1 0 0 1 1 1 0 0 1 1 1 0 0 0 0 1 1 1 0 0 0 1 1 1 1 0 0 0 0 1 1 1 1 1 0 
35269 35 4929 1 1 0 0 0 1 0 1 0 0 0 1 0 0 0 1 0 1 1 0 0 0 1 1 0 1 1 0 1 1 1 0 0 0 0 
35270 35 5054 1 1 0 0 1 1 0 1 1 1 0 0 1 0 0 0 1 1 0 0 0 1 1 0 1 1 1 0 0 0 1 0 0 1 0 
35271 35 2298 0 0 0 1 0 0 1 0 1 1 1 0 0 0 0 0 0 0 1 0 0 1 0 0 0 0 0 0 0 0 0 0 0 0 0 
35272 35 5507 0 1 0 0 0 1 0 0 1 1 0 1 1 1 1 0 0 1 0 1 0 1 0 0 1 1 0 1 1 0 1 1 0 0 0 
35273 35 2547 0 1 0 0 0 1 0 0 0 0 0 0 1 0 0 0 0 0 0 1 1 0 0 0 0 1 1 0 0 0 0 0 0 0 1 
35274 35 4340 0 1 0 0 0 0 1 0 0 0 1 0 1 0 0 1 1 1 0 1 1 1 0 1 0 1 0 0 1 0 0 0 0 0 0 
35275 35 8152 1 1 1 0 0 1 1 1 1 1 1 1 1 1 1 0 1 1 1 0 1 1 0 1 1 1 0 0 1 1 0 0 0 0 0 
35276 35 5731 0 0 1 1 1 1 0 1 0 1 0 1 0 0 0 1 1 0 1 0 1 1 1 1 0 1 0 1 0 1 1 0 0 1 0 
35277 35 5433 0 1 1 1 1 1 1 1 1 0 0 0 1 1 1 0 0 0 0 0 1 1 1 0 0 0 0 0 1 0 0 0 1 0 1 
35278 35 3075 0 1 0 0 1 0 1 0 1 0 0 1 0 0 0 1 0 1 0 1 0 0 0 1 0 0 0 0 0 0 0 1 0 1 0 
35279 35 6203 0 0 1 0 1 1 0 0 0 1 1 1 1 1 0 1 1 1 1 0 1 0 0 0 0 1 0 0 1 0 1 1 1 1 1 
35280 35 8403 1 1 1 1 1 0 0 1 1 0 1 1 1 1 1 0 1 1 0 0 1 1 1 1 0 1 1 1 1 1 1 1 1 1 1 
35281 35 7984 1 0 1 1 1 1 1 0 1 1 0 1 0 1 1 0 1 0 1 1 1 1 0 1 0 1 1 1 1 0 1 1 1 0 1 
35282 35 8056 1 1 1 1 1 1 1 1 1 1 1 1 0 1 0 1 1 0 1 1 1 1 1 0 1 1 1 1 1 1 1 1 1 1 1 
35283 35 5984 0 1 0 1 1 0 0 0 1 1 0 1 0 1 0 1 1 1 0 1 0 0 0 1 0 1 0 1 1 0 1 1 0 0 1 
35284 35 3456 0 0 0 1 0 0 1 0 1 0 1 1 1 1 0 0 0 0 0 0 1 0 0 0 0 0 0 0 1 1 0 0 0 0 0 
35285 35 7893 1 1 0 0 0 1 0 1 0 1 1 0 1 0 0 1 0 1 1 1 0 1 1 1 0 1 1 1 1 1 0 0 0 1 1 
35286 35 8618 1 1 1 0 0 1 1 0 1 1 0 1 1 1 1 0 1 0 1 1 1 0 0 0 1 1 1 1 1 1 1 1 1 1 0 
35287 35 7152 1 1 1 1 1 1 0 1 0 1 0 1 1 0 1 0 1 1 1 1 1 1 1 1 0 1 1 0 1 0 0 0 1 1 1 
35288 35 2202 0 0 0 0 0 0 0 0 0 0 1 0 0 0 0 0 1 0 0 0 0 0 0 1 0 0 0 1 0 0 0 0 1 0 1 
35289 35 7378 1 1 1 1 1 1 1 1 1 1 1 1 1 1 1 1 1 1 1 1 1 1 1 1 1 1 1 1 1 1 0 0 0 1 1 
35290 35 8215 1 1 0 0 1 0 0 0 1 1 1 1 1 1 1 1 1 1 0 0 1 1 0 1 1 1 1 1 1 0 0 1 1 1 1 
35291 35 6159 1 0 0 1 1 1 0 1 1 1 1 1 0 0 0 0 0 0 0 1 1 1 1 0 1 1 1 1 0 1 1 1 0 1 0 
35292 35 8954 1 1 0 1 1 1 1 1 1 1 1 1 1 1 1 1 1 1 1 1 1 1 1 1 1 1 1 1 1 1 1 1 1 1 1 
35293 35 4290 1 1 0 0 0 0 1 0 0 0 1 0 0 0 1 1 0 0 0 1 0 0 1 0 0 0 1 1 1 0 0 0 0 0 1 
35294 35 7747 1 1 1 1 1 1 1 1 1 1 1 1 1 1 1 1 1 1 1 1 1 1 1 1 1 1 1 1 1 1 1 1 1 1 1 
35295 35 3411 0 0 0 0 0 0 1 0 0 0 1 1 0 1 0 0 1 0 1 0 0 1 0 1 0 0 1 0 0 0 1 1 0 1 0 
35296 35 2584 0 0 0 0 1 0 0 0 1 0 0 0 0 0 1 0 0 1 1 0 0 0 0 0 0 0 0 0 0 1 0 0 0 1 0 
35297 35 3793 0 0 0 0 0 0 1 0 0 0 1 0 1 0 1 1 0 0 0 1 0 1 0 1 0 0 0 1 0 1 0 0 1 0 0 
35298 35 8038 1 1 1 0 0 1 1 0 0 1 1 1 1 0 0 1 1 1 1 1 1 1 1 1 0 0 1 1 1 0 0 1 1 0 1 
35299 35 3170 0 0 0 1 0 1 0 0 1 0 1 1 0 0 1 0 0 0 0 1 0 0 0 0 0 1 1 0 0 0 0 0 0 1 1 
35300 35 5481 1 0 0 1 0 0 0 0 0 0 0 0 0 1 1 1 1 1 1 0 0 1 0 0 1 1 1 1 0 0 0 1 1 1 0 
35301 35 6803 0 1 1 1 1 0 0 1 0 0 1 1 0 0 0 1 0 1 1 1 1 0 0 1 1 1 0 0 1 0 1 1 1 1 0 
35302 35 3421 0 1 0 0 0 1 1 1 0 0 0 0 0 1 1 1 0 1 0 1 0 0 0 0 0 1 0 0 0 1 0 0 0 1 1 
35303 35 7513 1 1 0 0 0 1 1 1 1 0 0 1 1 1 1 1 0 1 1 1 1 1 1 1 1 1 1 1 1 1 0 1 1 1 1 
35304 35 7701 1 1 0 1 1 1 1 0 1 0 1 1 0 1 1 1 1 1 1 1 1 1 1 1 1 1 1 1 1 1 1 1 1 1 1 
35305 35 7249 1 1 1 1 1 1 1 1 0 1 1 1 1 1 0 1 0 0 0 1 0 1 1 1 1 1 0 0 0 1 0 1 1 1 0 
35306 35 6396 1 0 1 0 0 0 1 0 0 1 1 1 0 1 0 0 0 1 0 0 1 0 1 1 1 0 0 1 0 1 1 0 0 1 1 
35307 35 3570 1 1 0 0 1 0 0 0 0 0 0 0 0 0 0 0 1 0 0 1 0 0 0 0 0 0 0 0 1 1 1 0 1 1 0 
35308 35 7686 1 1 0 0 1 1 0 1 0 1 1 0 1 1 1 1 1 1 1 1 0 1 1 1 1 1 0 1 1 0 1 1 1 1 0 
35309 35 5997 1 1 1 0 1 1 1 0 0 0 0 0 1 0 1 0 0 1 0 1 0 0 0 0 1 1 0 1 1 0 1 0 0 1 1 
35310 35 7009 0 1 0 0 0 0 1 1 0 1 1 1 0 1 1 0 1 1 0 1 1 1 1 1 1 1 0 1 0 1 0 0 1 1 1 
35311 35 4679 0 0 1 1 0 1 1 0 0 0 0 0 0 1 1 1 0 1 0 1 0 0 0 1 1 0 0 1 1 0 0 0 1 0 1 
35312 35 9003 1 1 1 1 1 1 0 0 1 1 0 0 1 1 1 1 0 1 1 0 1 1 1 1 1 1 1 1 1 1 1 1 0 1 1 
35313 35 9417 1 1 1 1 0 1 1 1 0 1 1 1 1 1 1 0 1 1 1 1 1 1 1 1 1 1 1 1 0 0 1 0 1 1 1 
35314 35 7565 0 1 0 0 0 1 1 0 1 0 1 1 1 1 1 1 1 1 1 1 0 1 0 1 1 1 1 1 0 0 1 1 1 1 1 
35315 35 7728 0 1 1 1 1 1 0 1 1 1 1 1 1 1 1 1 1 1 0 1 1 0 0 1 1 1 1 1 1 1 1 0 1 1 1 
35316 35 5175 0 1 1 1 1 0 1 0 1 1 1 0 0 0 0 1 0 1 0 1 1 0 0 0 0 0 1 1 0 0 0 1 1 1 1 
35317 35 3981 0 1 0 1 1 1 1 0 0 1 1 0 1 0 0 0 0 1 0 0 1 1 1 0 1 0 0 0 0 1 0 0 1 1 0 
35318 35 8931 1 1 1 1 1 1 1 1 1 1 1 1 1 1 1 1 1 1 1 1 1 1 1 1 1 1 0 1 1 1 1 1 1 1 1 
35319 35 7525 1 1 0 1 1 1 1 1 1 1 1 0 1 1 1 1 1 1 1 0 1 1 1 1 1 1 1 1 1 0 1 1 0 1 1 
35320 35 5987 0 1 0 1 0 0 1 0 0 0 0 1 1 1 0 1 1 1 0 1 1 0 0 1 1 0 1 0 1 1 0 1 1 0 0 
35321 35 5930 0 0 0 1 1 1 0 1 1 0 1 1 0 1 1 0 0 0 1 0 0 1 0 1 0 1 1 1 1 0 1 1 0 1 1 
35322 35 1650 0 0 0 0 0 0 0 0 1 0 0 0 1 0 0 1 1 0 0 0 0 0 0 0 0 0 0 0 0 0 1 0 0 0 0 
35323 35 3707 0 0 0 1 0 0 0 1 0 1 1 1 0 1 0 0 0 1 0 1 0 1 0 0 0 0 0 0 1 0 1 0 1 1 0 
35324 35 7029 1 1 1 1 0 1 1 1 1 1 1 1 0 1 0 0 1 1 1 1 1 0 1 1 1 1 0 0 1 1 1 1 1 0 1 
35325 35 6842 0 1 1 1 0 1 0 0 1 1 1 0 1 0 0 1 0 0 1 0 1 1 0 0 1 0 1 1 1 0 1 0 0 0 0 
35326 35 7371 1 1 1 1 0 1 1 0 0 1 1 1 1 1 1 1 1 1 1 1 1 1 1 1 1 1 1 1 1 1 1 1 1 1 1 
35327 35 4556 0 1 0 0 0 1 0 1 0 1 0 1 1 1 0 0 0 1 0 1 0 0 1 1 0 0 0 1 0 1 0 0 0 1 1 
35328 35 5639 1 0 1 1 0 1 1 0 0 0 1 1 0 0 1 0 0 0 1 1 0 0 0 0 0 0 1 1 0 0 1 1 1 0 0 
35329 35 5263 1 1 1 1 0 0 0 1 1 0 0 1 0 1 0 1 0 0 0 1 1 0 0 0 1 0 0 0 1 1 0 1 0 0 0 
35330 35 6297 0 0 1 0 0 1 0 0 1 1 0 1 0 1 0 1 1 1 0 0 1 1 0 0 0 1 0 1 0 1 1 1 1 1 0 
35331 35 9118 1 1 0 1 1 1 1 1 1 1 1 1 0 1 1 1 1 1 1 0 1 1 1 1 0 1 1 1 1 1 1 1 1 1 1 
35332 35 2680 1 0 0 0 0 1 0 0 1 0 0 0 0 1 0 1 0 1 0 0 0 0 0 0 0 0 1 0 0 1 0 0 0 0 0 
35333 35 7462 1 1 1 1 1 0 1 1 1 0 0 1 1 1 1 1 0 0 1 1 1 1 0 1 0 0 1 1 1 1 1 1 1 0 1 
35334 35 6057 1 0 1 1 1 0 0 1 1 0 1 1 0 0 1 1 0 1 0 1 1 0 0 1 0 0 1 1 0 1 1 0 0 0 0 
35335 35 6395 0 1 1 1 1 1 1 1 1 1 1 1 1 1 1 1 1 1 0 1 1 1 1 1 1 1 1 1 1 1 0 1 1 1 1 
35336 35 5023 1 1 1 1 0 0 1 0 0 1 0 0 1 0 0 1 0 1 0 1 0 0 1 0 0 0 0 1 1 1 0 1 0 0 1 
35337 35 5730 1 0 0 1 0 0 1 0 0 0 1 1 0 1 0 1 1 1 0 0 1 1 1 1 0 0 0 1 1 1 1 1 0 1 0 
35338 35 7535 1 1 1 1 0 1 1 1 1 1 1 1 1 1 1 1 1 1 1 0 1 1 1 1 1 1 1 0 1 1 1 1 1 0 1 
35339 35 2655 0 0 1 1 0 0 0 0 0 0 0 0 1 1 0 0 0 1 0 0 0 0 0 1 0 0 0 0 0 0 1 0 1 0 0 
35340 35 7999 1 1 1 0 0 0 1 0 1 1 0 0 0 0 1 0 1 0 1 1 1 1 1 1 1 1 1 0 1 0 1 1 1 1 1 
35341 35 5766 1 0 0 0 1 1 1 0 1 0 1 1 1 1 0 0 0 0 1 1 0 1 1 0 0 0 1 1 0 1 0 0 0 0 1 
35342 35 3658 1 1 0 0 1 1 1 0 0 1 0 0 0 1 1 0 1 0 0 0 0 0 0 0 0 0 1 0 0 0 1 0 0 0 0 
35343 35 7934 1 0 1 0 1 1 1 1 1 0 1 0 0 1 1 0 1 1 1 0 1 1 1 1 1 1 1 0 0 1 1 1 1 0 1 
35344 35 8489 1 1 1 1 1 1 1 1 0 1 1 1 1 0 1 1 1 1 1 1 1 1 1 1 0 1 1 1 1 1 0 1 1 1 0 
35345 35 6891 1 1 0 1 0 0 1 1 0 1 0 1 0 1 1 0 0 1 1 0 1 1 1 1 1 1 1 1 0 1 1 1 0 0 1 
35346 35 4658 0 0 1 0 0 1 0 0 1 0 0 1 1 0 1 1 1 0 0 1 0 0 0 1 1 0 1 0 1 0 0 0 0 1 0 
35347 35 7068 1 0 1 1 0 1 1 1 0 0 1 1 0 0 0 1 0 1 1 1 1 1 1 1 1 0 1 1 0 1 1 1 0 1 1 
35348 35 6000 1 1 1 1 0 1 0 0 1 1 0 1 1 1 1 0 0 0 1 0 1 0 1 1 1 1 0 0 0 1 0 1 1 0 1 
35349 35 5067 1 1 1 0 0 1 0 0 0 1 0 1 1 1 0 1 0 1 0 0 1 0 0 0 0 1 1 1 1 1 1 0 0 0 0 
35350 35 6744 1 0 0 0 1 1 0 1 0 1 0 0 1 1 1 1 0 1 1 1 1 1 1 0 1 1 0 0 0 0 1 0 0 1 0 
35351 35 5792 0 1 0 1 1 1 0 0 1 0 0 1 1 1 1 1 1 0 1 0 1 0 0 1 1 0 1 0 0 1 1 1 1 0 0 
35352 35 7007 1 1 1 1 1 1 1 1 1 1 1 1 1 1 1 1 1 1 1 1 0 0 1 1 0 1 1 1 1 0 1 1 1 1 1 
35353 35 5131 0 0 0 0 1 0 0 0 1 1 0 0 0 1 0 1 0 0 1 1 0 0 0 1 1 1 0 0 0 1 0 0 1 0 0 
35354 35 8031 1 1 1 1 1 0 1 1 0 1 1 1 1 1 1 1 1 1 1 0 1 1 1 0 1 1 0 1 1 1 1 1 0 1 1 
35355 35 6949 0 0 0 1 0 1 0 1 1 1 1 1 1 0 0 0 1 1 1 0 1 1 1 1 0 1 1 0 1 0 1 1 1 1 1 
35356 35 6670 0 1 0 1 0 1 0 0 1 0 1 1 0 0 0 1 1 1 1 1 1 0 1 0 0 1 1 1 1 1 0 0 0 0 1 
35357 35 7288 0 0 1 0 1 1 0 1 0 0 1 0 0 1 0 1 1 1 1 0 1 1 1 1 1 1 0 0 1 0 0 1 1 1 0 
35358 35 9160 1 1 1 0 1 1 0 1 1 1 1 1 1 1 1 1 1 1 1 1 1 0 1 0 1 1 1 1 1 1 1 1 1 1 0 
35359 35 7842 1 0 1 0 1 1 0 0 1 1 1 0 0 1 0 1 1 0 1 1 1 1 1 1 1 0 1 0 1 1 1 1 1 0 1 
35360 35 5249 0 1 0 0 0 1 1 0 1 1 1 0 0 0 1 0 0 1 1 0 0 1 0 1 1 0 1 0 0 0 1 1 1 0 1 
35361 35 9423 1 1 1 1 1 1 1 1 1 1 1 1 1 1 1 1 1 1 1 1 1 1 1 1 1 1 1 1 1 1 1 1 1 1 1 
35362 35 7485 1 1 1 1 1 1 1 1 1 1 1 0 0 1 1 1 1 1 1 0 0 1 1 1 0 0 0 1 1 1 0 1 0 1 0 
35363 35 8523 1 1 1 1 1 1 0 1 1 1 1 1 1 1 1 1 1 1 1 1 1 1 1 1 1 1 1 1 1 1 1 1 1 1 1 
35364 35 6645 1 0 0 1 1 1 0 1 1 1 0 1 0 0 1 0 1 0 0 1 1 1 0 1 0 1 1 0 0 1 1 0 1 0 1 
35365 35 7796 0 0 1 1 1 1 1 0 1 1 1 1 0 1 1 1 1 1 1 0 1 1 0 1 1 0 1 0 0 1 1 1 1 1 1 
35366 35 7728 1 1 1 1 1 1 1 1 1 1 1 1 1 1 1 1 1 1 1 1 1 1 1 1 1 1 1 1 1 1 1 1 1 1 1 
35367 35 6910 1 1 0 0 1 1 0 1 1 0 1 1 0 0 0 0 1 0 0 1 0 1 1 1 1 0 1 0 1 0 1 0 1 0 0 
35368 35 6974 1 0 1 1 1 1 1 1 0 0 0 1 1 0 1 1 1 0 1 1 0 1 1 0 0 0 0 0 0 0 1 1 0 1 1 
35369 35 6097 0 0 1 0 1 1 0 1 1 0 0 1 0 0 1 0 0 1 1 1 1 1 1 0 0 0 1 1 1 1 0 1 1 0 0 
35370 35 9626 1 1 1 1 0 0 1 1 1 0 1 1 1 0 1 1 1 1 1 1 0 1 0 1 1 1 1 1 1 1 1 1 1 1 1 
35371 35 5390 1 0 0 1 1 1 1 0 0 0 1 0 0 0 0 0 0 0 0 1 0 1 1 0 1 1 0 1 0 0 1 1 1 1 0 
35372 35 7272 1 0 1 0 0 0 1 1 1 1 0 0 1 1 1 0 1 0 1 1 0 1 1 0 1 1 1 0 1 1 0 0 1 1 1 
35373 35 8487 1 1 1 1 1 0 1 1 0 1 1 1 0 1 1 1 0 1 1 0 1 0 0 0 0 1 1 0 1 1 1 1 0 1 0 
35374 35 4217 1 1 0 0 1 0 0 0 0 0 0 0 1 0 1 0 1 0 0 0 1 1 1 0 0 0 0 0 1 1 1 0 1 0 0 
35375 35 5366 1 1 1 1 0 0 1 0 0 0 0 0 0 1 1 1 1 0 0 0 1 0 0 1 0 1 0 0 1 0 0 1 0 0 1 
35376 35 9161 1 1 1 1 1 1 1 1 1 1 1 1 1 1 1 1 0 1 1 1 1 1 1 1 0 0 1 0 1 1 1 1 1 1 1 
35377 35 7161 0 0 1 1 0 0 1 1 1 1 0 0 1 0 1 1 1 0 1 1 1 1 0 0 1 1 0 1 1 1 1 1 0 0 1 
35378 35 3417 0 0 0 1 1 0 1 0 0 0 0 0 0 0 0 1 0 1 0 0 0 0 1 1 0 1 0 0 0 1 1 1 0 1 0 
35379 35 6216 1 1 0 1 0 0 1 0 0 1 1 1 0 0 1 0 1 1 1 0 1 1 1 1 1 1 0 1 1 0 1 1 1 1 1 
35380 35 6144 0 0 0 0 1 0 0 1 0 0 1 1 1 1 1 1 1 1 0 0 1 0 0 0 1 0 0 1 0 0 1 1 1 1 1 
35381 35 6336 1 0 1 1 0 1 1 0 1 0 1 1 1 0 0 1 1 1 0 1 1 1 0 1 0 0 1 1 1 1 0 1 0 1 0 
35382 35 8394 1 1 1 1 0 1 1 0 0 1 1 0 1 1 1 1 0 1 1 1 0 0 1 1 1 1 0 1 1 1 0 1 0 0 1 
35383 35 4278 1 0 1 1 1 0 1 1 1 0 1 0 0 1 0 0 0 0 0 0 1 1 0 0 0 0 1 0 1 0 0 0 1 0 0 
35384 35 5619 1 1 0 0 1 1 0 1 0 0 0 0 1 1 0 1 1 1 1 0 1 1 0 0 1 0 0 0 1 0 0 0 1 0 0 
35385 35 7280 0 1 1 1 0 0 1 1 0 1 1 1 0 1 1 1 0 1 0 0 0 1 1 1 0 0 1 1 1 0 1 1 1 1 1 
35386 35 4576 0 0 1 1 0 1 0 0 0 0 0 1 1 0 0 0 1 0 1 0 0 1 0 0 0 1 1 0 1 1 0 0 1 1 0 
35387 35 2504 0 0 0 1 0 0 0 0 1 0 0 0 1 0 1 1 0 1 0 0 0 0 1 0 0 0 1 0 0 0 1 0 0 0 0 
35388 35 6904 1 0 0 1 1 1 1 0 1 0 1 0 1 0 1 0 1 1 1 0 0 1 1 0 1 1 0 0 0 0 1 1 0 1 1 
35389 35 10647 1 1 1 1 1 1 1 1 1 1 1 1 1 1 1 1 1 1 1 1 1 1 1 1 1 1 1 1 1 1 1 1 1 1 1 
35390 35 7365 0 1 1 1 0 1 1 1 1 0 1 1 0 1 0 0 1 0 1 1 1 0 0 1 1 1 1 1 1 1 1 0 0 1 0 
35391 35 6689 0 1 1 1 0 1 1 1 0 1 0 1 1 1 1 0 0 0 1 0 0 1 0 1 0 1 0 1 1 0 0 0 0 1 0 
35392 35 6442 1 1 0 1 0 1 1 1 0 1 1 1 0 1 1 1 0 1 0 0 1 0 1 1 1 0 1 1 0 0 1 0 0 0 1 
35393 35 4028 0 0 1 1 0 0 0 0 0 0 0 0 1 0 1 1 0 0 1 0 0 0 0 0 0 0 0 1 1 1 1 0 0 1 1 
35394 35 1766 0 0 0 0 1 0 0 0 0 0 0 0 0 0 0 1 0 0 0 0 0 0 0 0 0 0 1 1 1 0 0 0 0 0 1 
35395 35 7096 1 1 1 1 0 1 1 1 0 1 0 0 0 1 0 0 1 1 1 1 1 1 1 1 1 0 1 1 0 1 1 0 1 1 0 
35396 35 6539 0 1 0 1 1 1 1 0 1 1 0 1 0 1 1 0 1 0 1 1 0 0 1 0 1 1 0 0 1 0 1 1 1 1 1 
35397 35 5671 1 0 0 1 1 0 0 0 0 1 0 0 1 1 1 1 1 0 0 1 0 1 0 0 0 0 1 1 1 0 0 1 1 1 0 
35398 35 5945 1 1 1 0 1 0 1 0 0 0 1 1 1 0 1 1 1 1 1 0 1 0 0 0 0 1 1 1 1 0 1 0 1 1 0 
35399 35 7941 1 1 1 1 1 1 1 1 0 0 1 0 0 1 1 1 1 1 1 0 0 1 1 1 1 1 1 0 1 1 0 1 1 0 0 
35400 35 5210 1 1 1 0 1 0 0 0 1 0 0 0 0 0 0 0 1 0 0 0 1 1 1 0 1 1 0 0 0 1 1 1 0 1 1 
35401 35 3052 1 0 0 1 0 0 1 0 0 0 0 1 0 1 0 0 0 0 0 0 1 0 0 1 0 0 0 0 0 1 0 1 0 1 0 
35402 35 9063 1 1 1 1 0 1 0 0 0 1 1 1 1 1 1 1 1 1 1 1 1 1 1 1 1 1 0 0 0 0 1 0 1 0 1 
35403 35 7220 0 1 1 1 1 1 1 1 1 1 1 0 0 0 1 1 0 0 0 1 1 0 0 1 1 0 1 0 1 0 0 1 1 0 1 
35404 35 8052 1 1 1 1 1 0 1 0 1 1 1 0 1 1 0 1 0 1 1 1 1 1 0 1 1 1 1 1 1 1 1 0 1 0 1 
35405 35 8377 1 1 1 1 1 1 1 1 1 1 1 1 1 1 1 1 1 1 1 1 1 1 1 1 1 1 1 1 1 1 1 1 1 1 1 
35406 35 6180 1 1 1 0 0 1 0 1 0 1 1 0 1 1 0 1 1 1 0 1 1 0 1 1 0 0 1 1 0 0 0 0 0 0 1 
35407 35 2488 0 0 1 0 0 0 0 0 0 0 0 0 1 0 1 0 0 1 0 0 1 0 0 0 0 0 0 1 0 0 0 0 0 0 0 
35408 35 3540 0 1 0 0 0 1 1 0 0 1 0 0 0 0 0 0 1 0 1 0 1 0 0 0 1 1 0 0 0 0 0 1 0 0 1 
35409 35 4800 0 0 1 1 1 0 0 1 0 0 1 0 1 0 0 1 0 0 0 0 0 1 1 0 0 1 0 1 1 1 0 1 0 1 1 
35410 35 7325 1 1 0 0 1 1 1 1 0 0 0 1 1 0 1 0 1 1 0 1 1 1 1 1 1 1 1 1 0 0 1 1 1 0 1 
35411 35 7514 1 1 1 1 1 1 1 0 1 1 1 1 1 1 1 1 1 0 1 1 1 1 1 1 1 1 1 1 1 1 0 1 1 1 1 
35412 35 6839 1 1 1 0 1 1 1 1 0 1 1 1 0 0 1 1 1 0 0 1 1 1 1 1 1 0 0 0 0 0 1 0 0 0 0 
35413 35 7657 1 1 0 1 1 0 1 1 0 0 0 0 1 1 1 1 0 1 1 1 0 0 1 1 1 1 1 1 1 0 0 1 1 1 0 
35414 35 5493 0 0 1 0 0 1 0 0 1 0 1 0 1 0 1 1 1 0 1 1 0 0 0 1 0 1 0 1 1 0 1 0 1 0 1 
35415 35 8609 1 1 1 1 1 1 1 1 1 1 1 1 1 1 1 1 1 1 1 1 1 1 1 1 1 1 1 1 1 1 1 1 1 1 1 
35416 35 7963 1 1 0 1 1 1 1 0 1 1 1 1 1 1 1 0 1 1 0 0 1 0 0 1 0 1 1 0 0 1 1 1 0 0 1 
35417 35 6347 0 1 1 1 0 0 0 0 0 0 1 0 0 1 0 1 1 0 0 0 0 1 1 1 1 1 0 1 0 1 0 1 1 1 1 
35418 35 4774 1 1 0 1 1 1 0 0 0 1 0 0 0 0 1 0 0 0 1 0 0 1 1 1 0 0 0 1 1 0 0 1 1 0 0 
35419 35 1901 0 0 0 0 1 0 0 0 1 0 0 0 1 0 0 0 0 0 0 1 0 0 0 0 1 0 0 0 0 0 1 0 0 0 0 
35420 35 7193 1 0 0 1 0 1 0 1 1 1 1 1 1 0 0 1 1 0 1 0 1 0 0 1 1 1 1 1 0 0 1 1 1 1 1 
35421 35 9689 1 1 1 0 1 1 1 1 0 1 1 1 1 1 1 1 1 1 0 0 0 1 1 1 1 1 1 1 1 1 1 1 1 1 1 
35422 35 6045 0 0 0 1 1 1 0 1 0 1 1 1 1 1 0 1 1 1 0 0 1 1 0 1 0 1 1 1 1 1 0 0 1 0 1 
35423 35 10445 1 0 1 1 1 1 1 1 1 1 0 0 1 0 1 1 1 1 1 1 1 1 1 1 1 1 1 1 1 1 1 1 1 1 1 
35424 35 8334 0 1 1 1 1 0 1 1 1 0 1 0 0 1 1 0 0 1 1 1 1 0 1 1 1 0 1 1 1 0 0 1 1 1 1 
35425 35 8655 1 1 1 1 1 1 1 1 1 1 1 1 0 1 1 0 1 1 1 1 1 1 1 0 1 1 1 1 1 0 1 1 1 0 1 
35426 35 8208 1 1 1 1 1 1 1 0 1 1 1 1 0 0 1 1 1 1 1 1 0 1 1 0 1 1 1 1 1 0 1 1 1 1 1 
35427 35 3925 0 1 0 0 0 0 0 0 1 0 0 0 0 0 0 0 1 1 0 1 1 1 1 0 0 0 1 0 0 0 1 1 1 0 1 
35428 35 6865 0 1 1 1 0 1 1 1 1 0 0 0 0 0 1 1 1 0 1 0 0 1 0 1 0 1 0 1 0 1 1 1 1 1 1 
35429 35 9564 1 1 1 1 1 1 1 1 1 1 1 1 1 1 1 1 1 1 1 1 1 1 1 1 1 1 1 1 1 1 1 1 1 1 1 
35430 35 6148 0 1 1 1 0 0 1 0 0 0 0 0 0 1 0 0 1 0 1 0 1 0 0 0 1 0 1 1 1 1 0 0 1 1 0 
35431 35 4057 0 1 0 0 0 1 0 0 0 0 1 1 1 0 1 0 1 0 0 0 0 1 0 0 1 0 0 0 1 0 1 0 0 1 0 
35432 35 9040 1 1 1 1 1 1 1 1 1 1 1 1 1 1 1 1 1 1 1 1 1 1 1 1 1 1 1 1 1 1 1 1 1 1 1 
35433 35 7999 0 0 1 0 0 1 1 1 1 1 1 1 0 1 1 1 1 1 0 0 0 0 1 1 1 1 1 1 1 1 1 1 1 0 1 
35434 35 6917 1 1 0 1 0 1 1 0 0 1 1 0 1 1 1 1 1 1 1 1 0 0 1 1 1 1 1 1 1 0 0 1 1 1 0 
35435 35 7839 1 1 0 1 1 1 1 1 1 1 1 0 1 1 1 1 1 1 0 1 1 1 1 1 1 1 1 0 0 1 1 1 1 1 0 
35436 35 7405 1 1 0 1 0 0 1 1 0 1 1 1 1 1 0 1 1 1 0 0 1 1 1 1 1 1 1 1 1 1 1 1 0 1 1 
35437 35 3375 0 0 0 0 1 0 0 0 0 1 0 1 0 0 0 0 0 1 1 0 1 0 0 0 1 0 1 0 0 0 0 1 0 1 1 
35438 35 8629 1 1 1 1 1 1 1 1 1 1 1 1 1 1 1 1 1 1 1 1 1 1 1 1 1 1 1 1 1 1 1 1 1 1 1 
35439 35 7132 0 0 0 0 1 1 0 1 0 1 1 0 1 1 1 0 1 1 1 0 1 1 1 0 1 1 1 1 1 1 0 1 1 1 1 
35440 35 4845 0 0 0 1 0 0 1 0 1 0 0 1 0 1 1 1 0 0 0 0 0 1 1 1 0 1 0 0 0 1 1 0 0 0 0 
35441 35 7128 1 1 0 0 1 0 1 0 0 1 0 1 1 1 0 1 1 0 0 1 1 0 1 1 0 1 0 1 0 0 1 1 0 1 1 
35442 35 8408 1 1 1 1 1 1 1 1 1 1 1 1 0 1 1 1 1 1 1 1 1 1 1 1 1 1 1 1 1 1 1 1 1 1 1 
35443 35 2256 0 0 1 0 0 0 0 1 0 1 0 0 1 1 0 0 1 0 0 0 0 0 0 0 0 0 0 0 0 0 0 0 0 0 0 
35444 35 5206 1 0 1 0 0 0 0 1 0 1 0 0 0 1 0 1 0 1 0 1 0 1 0 0 1 1 1 1 0 1 0 0 1 0 0 
35445 35 7634 0 1 0 1 0 1 1 1 1 1 1 1 1 1 0 0 1 1 1 1 1 1 1 1 1 0 1 1 0 1 0 1 0 1 0 
35446 35 4093 1 0 1 1 0 0 0 0 0 0 0 0 1 0 1 0 0 0 0 0 0 0 0 0 1 1 1 0 1 1 1 0 1 1 0 
35447 35 4086 1 0 0 0 0 0 0 0 0 0 1 1 0 0 0 0 0 0 0 1 1 0 1 0 0 0 0 1 0 0 0 0 1 1 1 
35448 35 7057 0 1 1 1 1 0 0 1 0 0 0 0 1 1 1 0 1 0 0 0 1 0 1 0 1 1 0 1 1 1 1 1 1 1 1 
35449 35 8310 1 1 1 1 1 1 1 1 1 1 1 1 1 0 1 1 1 1 1 1 1 1 1 1 1 1 1 1 1 1 1 1 1 1 1 
35450 35 4338 1 0 0 0 0 0 1 0 1 0 1 0 0 0 0 1 0 1 1 1 0 1 1 0 0 0 0 0 0 1 0 0 1 0 0 
35451 35 9309 1 1 1 1 1 0 1 1 1 1 1 0 1 1 0 1 1 1 1 1 1 1 1 1 1 1 1 1 1 1 1 1 1 1 1 
35452 35 4697 0 1 0 0 1 0 0 1 1 0 0 0 0 0 0 0 0 0 1 0 0 0 1 1 1 0 0 1 1 0 1 1 0 0 1 
35453 35 7173 1 0 1 1 1 1 1 0 1 1 1 1 0 1 1 1 0 0 1 1 1 1 1 1 1 1 1 1 0 0 0 1 1 0 0 
35454 35 7328 1 1 0 1 1 1 1 0 1 0 1 0 1 1 0 1 1 1 1 1 1 1 1 0 1 1 0 0 1 1 1 1 1 1 1 
35455 35 3809 0 0 1 1 1 0 1 0 0 1 0 0 1 0 0 0 1 0 0 1 0 1 0 0 0 1 0 0 0 0 0 0 1 1 0 
35456 35 5232 1 0 0 1 1 0 0 1 0 0 0 1 0 1 1 0 0 1 0 0 1 1 0 0 1 1 1 0 0 1 1 0 1 1 1 
35457 35 1475 1 0 0 0 0 1 0 0 0 1 0 0 0 0 0 1 0 0 0 0 0 0 0 0 0 0 0 0 0 0 0 0 0 1 0 
35458 35 8495 1 0 0 1 1 1 1 0 1 0 1 1 0 1 1 1 1 1 1 1 1 0 1 0 1 0 1 0 1 0 1 1 1 1 1 
35459 35 4490 1 0 0 0 0 0 0 1 0 1 1 0 1 1 0 0 1 0 0 0 0 1 1 0 0 0 0 1 0 0 0 1 0 1 0 
35460 35 3113 0 0 1 1 1 0 0 0 0 0 0 0 0 1 0 1 0 0 1 1 0 0 0 0 1 0 1 0 0 0 0 0 1 1 0 
35461 35 3252 1 0 1 0 0 0 0 0 0 1 0 1 0 0 0 0 0 0 1 1 0 0 0 0 0 1 0 1 1 0 1 1 0 0 0 
35462 35 4838 1 0 1 1 0 1 1 0 1 0 0 0 1 0 0 1 1 1 1 1 0 1 0 0 0 0 0 0 0 0 0 1 0 0 0 
35463 35 4591 0 0 1 1 0 0 0 1 0 0 0 0 1 1 0 1 1 0 0 0 1 1 1 0 0 1 1 1 1 1 0 0 0 0 1 
35464 35 6712 1 1 0 0 1 1 1 0 0 1 1 1 1 1 1 0 0 1 0 1 1 1 1 1 0 0 1 1 0 0 1 1 0 0 0 
35465 35 3127 0 0 1 1 0 0 0 1 0 0 1 0 1 0 0 1 0 0 0 1 0 0 0 0 0 0 0 0 0 1 0 0 1 0 0 
35466 35 7207 0 1 1 1 0 1 0 1 1 1 1 1 0 0 0 1 1 1 1 0 1 1 1 0 1 1 0 1 1 1 1 0 1 1 0 
35467 35 4800 0 0 0 1 0 0 0 0 1 0 0 1 1 1 0 1 1 0 1 1 0 1 0 0 1 0 0 1 1 0 1 0 0 0 0 
35468 35 7800 1 1 1 1 0 0 0 0 1 1 1 0 1 1 0 1 1 0 1 1 1 1 0 1 1 0 0 1 0 1 1 1 1 1 0 
35469 35 9462 1 1 1 1 0 1 1 1 0 1 1 0 1 1 1 1 1 0 0 1 1 1 1 1 1 1 1 0 1 1 1 1 1 1 1 
35470 35 7035 0 0 1 0 0 1 1 1 1 1 0 1 1 1 1 1 1 1 0 1 1 0 0 1 1 0 0 1 1 0 1 1 1 0 1 
35471 35 8491 1 1 0 1 1 1 1 1 0 1 1 1 1 1 1 0 1 1 1 1 0 1 0 1 0 1 1 1 0 1 0 1 0 1 0 
35472 35 3604 1 0 1 0 0 1 0 0 1 0 1 0 1 1 0 0 1 0 0 0 0 0 0 0 0 0 0 0 0 0 1 1 0 1 0 
35473 35 9564 0 1 1 1 1 0 0 0 0 1 1 1 1 0 1 1 1 1 1 1 1 1 1 1 0 1 1 1 1 1 1 0 1 1 1 
35474 35 5415 0 1 0 0 1 1 1 1 1 1 0 1 1 0 0 0 0 1 0 1 0 0 0 0 0 1 0 0 0 1 1 0 1 0 1 
35475 35 7674 0 1 1 0 1 0 1 1 1 0 1 1 1 1 1 1 1 0 1 0 1 0 0 1 1 1 1 1 1 1 1 1 1 1 1 
35476 35 3828 1 1 0 0 0 1 0 0 0 1 1 0 0 0 0 0 1 0 0 0 0 0 1 0 1 1 0 0 1 0 1 0 0 1 0 
35477 35 6277 1 1 1 0 1 1 1 0 1 0 1 0 1 1 0 0 0 0 1 1 0 1 0 0 1 1 0 1 1 1 1 0 1 0 0 
35478 35 8294 1 1 1 1 1 1 1 1 1 1 0 1 1 1 1 1 1 1 1 1 1 1 1 1 1 1 1 1 1 1 1 1 1 1 1 
35479 35 8193 1 1 1 0 1 1 1 1 1 1 1 1 1 1 1 1 1 1 1 0 1 1 1 0 1 1 1 1 1 1 1 1 1 1 1 
35480 35 5055 1 0 0 0 1 0 0 0 1 0 0 1 1 0 0 1 1 0 0 0 1 0 1 1 1 0 0 0 1 0 0 0 1 1 0 
35481 35 3535 0 0 0 0 1 0 0 1 0 1 0 0 0 1 1 0 1 0 0 1 0 0 0 0 1 0 0 0 0 0 0 1 1 0 0 
35482 35 3101 1 0 0 1 1 0 1 0 0 0 0 0 1 0 0 1 0 0 0 0 0 0 0 0 1 0 0 0 0 1 1 0 0 0 0 
35483 35 8750 1 1 1 1 0 1 1 1 1 0 1 1 1 1 1 1 1 1 1 0 1 1 1 1 1 1 1 0 1 1 1 0 1 1 1 
35484 35 8213 1 1 0 1 1 0 1 1 0 0 0 0 0 1 0 0 1 1 1 1 1 0 0 1 0 0 1 1 1 1 1 1 1 1 1 
35485 35 2796 0 0 1 0 0 0 0 1 0 0 0 0 0 1 0 0 0 0 1 0 0 1 1 0 1 1 0 0 0 0 0 0 0 0 1 
35486 35 7145 1 0 1 1 1 1 0 0 1 1 1 1 0 0 1 1 1 0 1 1 1 1 0 1 1 1 1 1 1 1 0 0 1 1 1 
35487 35 7276 1 1 1 1 1 1 1 1 0 1 1 1 0 0 1 1 0 1 0 1 1 1 1 1 1 1 0 1 1 1 1 1 1 1 1 
35488 35 8987 1 1 1 1 1 1 1 1 1 1 1 1 1 1 1 1 1 1 1 1 1 1 1 1 1 1 1 1 1 1 1 1 1 1 1 
35489 35 5817 0 0 0 0 0 1 1 0 0 1 1 0 0 1 0 1 0 1 1 0 0 1 1 0 1 1 1 0 0 0 1 0 1 0 1 
35490 35 3831 0 0 1 1 0 0 0 1 0 1 0 1 0 0 0 0 0 1 1 0 1 1 0 0 1 0 1 0 0 0 0 0 0 0 0 
35491 35 8437 1 1 1 1 1 1 1 1 1 1 1 1 1 1 1 1 1 1 1 1 1 1 1 1 1 1 1 1 1 1 1 1 1 1 1 
35492 35 7702 1 1 1 1 1 1 1 1 1 1 0 0 0 1 1 1 1 1 1 1 1 1 1 0 0 1 1 0 1 1 1 1 1 1 1 
35493 35 5285 0 0 0 1 0 1 0 1 0 1 0 1 0 1 1 0 0 0 0 1 0 0 0 1 0 1 1 1 1 1 1 1 1 1 0 
35494 35 7385 1 1 1 0 1 1 1 0 0 1 1 1 1 0 1 1 1 1 0 1 1 0 0 1 0 1 1 1 0 1 0 0 0 0 0 
35495 35 2364 1 0 0 0 0 0 0 0 0 0 0 0 0 0 0 1 0 1 0 1 0 0 1 0 0 1 0 0 0 1 0 1 0 0 0 
35496 35 4006 1 0 0 0 1 0 0 1 1 0 1 0 0 0 0 0 0 0 1 0 0 0 0 0 0 1 1 1 1 0 1 0 1 1 0 
35497 35 5633 1 0 1 1 1 1 0 0 1 0 1 0 0 1 1 1 1 0 1 1 0 0 0 0 0 0 0 0 1 1 1 0 0 1 1 
35498 35 8064 1 1 1 1 1 1 1 0 1 1 1 0 0 0 1 0 1 1 1 0 0 1 1 1 1 1 1 1 0 1 0 0 1 1 1 
35499 35 6872 0 1 1 0 0 1 1 1 0 1 0 1 1 1 1 1 1 1 1 1 1 0 0 1 0 1 0 0 1 1 0 0 0 0 1 
35500 35 5477 0 1 1 0 0 0 1 0 0 0 1 1 1 0 0 0 1 1 1 0 1 0 0 1 0 0 1 0 1 1 0 1 1 0 1 
