22001 22 1478 0 0 0 0 1 1 0 0 0 0 0 0 1 1 0 0 0 1 0 0 0 0 
22002 22 4446 0 1 1 0 1 1 1 0 1 0 1 0 1 0 1 0 0 1 1 1 1 0 
22003 22 4404 0 0 0 1 1 1 1 0 1 1 1 1 0 0 0 1 1 1 0 1 1 1 
22004 22 2048 1 0 1 1 0 1 0 0 0 0 1 0 0 0 0 0 1 0 0 0 1 0 
22005 22 5269 0 1 1 1 0 1 1 1 1 1 1 1 1 1 1 1 0 1 0 0 1 1 
22006 22 5014 0 1 1 1 1 0 1 1 1 1 1 1 1 1 1 1 1 1 1 1 1 1 
22007 22 2855 1 0 1 0 1 1 0 0 0 0 0 0 0 0 0 1 0 1 1 1 0 0 
22008 22 3445 0 0 1 1 0 1 0 1 0 0 0 1 0 1 1 1 0 1 0 0 1 1 
22009 22 1665 0 0 0 1 1 1 0 0 0 0 1 0 0 0 0 1 0 0 0 0 0 0 
22010 22 4690 1 1 0 1 1 0 1 1 1 0 0 1 1 1 0 1 1 1 1 0 1 1 
22011 22 3743 1 1 1 0 1 0 1 1 0 0 1 1 0 0 1 1 1 1 0 1 1 1 
22012 22 3867 1 0 0 0 1 1 0 0 0 0 1 1 1 0 0 0 1 1 1 0 1 1 
22013 22 2221 0 1 1 0 0 1 0 0 0 0 1 0 0 1 0 0 0 1 1 0 0 1 
22014 22 4928 1 1 1 1 1 1 0 0 0 0 1 1 1 0 1 1 0 1 0 0 1 0 
22015 22 1794 1 0 0 1 1 1 1 0 0 0 1 0 0 0 1 0 1 1 0 0 0 1 
22016 22 3503 1 0 1 1 1 0 0 1 1 0 0 1 1 1 1 0 1 0 1 1 1 1 
22017 22 1775 1 0 0 0 0 0 0 0 0 1 0 1 0 0 1 1 0 0 0 1 1 0 
22018 22 1834 1 0 0 0 0 1 0 0 1 1 1 1 0 0 1 0 0 0 1 0 0 0 
22019 22 3448 0 1 1 0 1 0 0 0 0 0 1 1 0 0 0 1 0 0 1 0 1 0 
22020 22 3268 1 1 0 0 0 1 1 1 0 1 0 0 0 1 0 0 1 0 0 1 1 0 
22021 22 4825 1 1 1 1 1 1 1 1 1 1 1 1 1 0 0 1 0 1 1 1 1 1 
22022 22 2249 0 1 0 0 1 0 0 0 0 1 1 0 0 0 1 0 0 1 0 0 1 0 
22023 22 5566 0 1 1 0 1 1 1 1 0 1 1 1 0 1 1 1 0 1 1 1 1 1 
22024 22 2701 0 0 0 1 1 0 0 0 0 0 1 0 0 1 1 1 0 0 0 0 1 0 
22025 22 5770 0 1 1 1 1 1 1 1 1 1 1 1 1 0 0 0 1 1 1 1 0 1 
22026 22 5099 1 1 1 1 1 1 1 1 1 1 1 1 1 1 1 1 1 1 1 1 1 1 
22027 22 4620 0 1 1 1 1 0 1 1 1 1 1 0 0 1 0 1 0 0 1 0 0 1 
22028 22 7172 1 1 1 1 1 1 1 1 1 1 1 1 1 1 1 1 1 1 1 1 1 1 
22029 22 4205 0 1 1 1 0 1 1 1 0 1 1 0 1 0 1 1 0 1 1 1 1 0 
22030 22 1931 0 1 0 1 0 0 0 1 0 0 0 0 0 0 1 0 1 0 0 1 0 0 
22031 22 5823 1 1 0 1 1 1 1 1 1 1 1 1 1 0 0 1 0 1 0 1 1 1 
22032 22 5553 1 1 1 1 1 1 1 1 1 1 0 1 1 1 1 1 1 1 0 1 1 0 
22033 22 1283 1 0 0 0 0 0 1 0 0 1 0 0 0 0 1 0 0 0 0 0 0 0 
22034 22 3137 0 1 0 0 1 1 0 1 1 1 0 1 1 1 0 1 0 0 1 1 0 1 
22035 22 4162 1 0 1 0 1 1 1 1 1 1 1 1 1 1 1 1 1 1 1 0 1 1 
22036 22 5314 1 1 1 1 1 1 1 1 1 1 1 1 1 1 1 1 1 1 1 1 1 1 
22037 22 2693 0 1 0 0 0 0 0 0 1 0 1 0 0 1 0 0 1 0 1 0 0 1 
22038 22 5371 1 1 0 1 1 1 1 0 1 1 1 1 1 0 1 0 1 1 1 0 1 1 
22039 22 5937 1 1 1 1 0 0 1 1 1 1 1 1 1 1 1 1 1 1 1 1 1 1 
22040 22 3240 1 1 1 0 0 1 1 0 1 0 1 1 0 0 0 1 0 1 0 0 0 1 
22041 22 4629 0 0 0 1 0 1 1 1 1 1 1 1 0 1 1 0 0 0 1 1 1 0 
22042 22 4558 1 1 0 0 0 1 1 0 1 1 0 1 1 0 1 1 1 1 1 1 1 1 
22043 22 2030 0 1 0 0 0 0 0 0 1 0 0 0 1 0 0 0 1 1 1 0 0 1 
22044 22 4634 1 1 1 1 1 1 1 1 1 1 1 1 1 1 1 1 1 1 1 1 1 1 
22045 22 6243 1 1 1 1 1 1 1 1 1 1 1 1 1 1 1 1 1 1 1 1 1 1 
22046 22 4920 1 1 1 1 1 1 1 1 1 1 1 1 1 1 1 1 1 1 1 1 1 1 
22047 22 4865 1 1 1 1 1 1 1 1 1 1 1 1 1 1 1 1 1 1 1 1 1 1 
22048 22 2542 0 1 0 0 1 0 0 0 1 0 1 0 1 0 0 1 0 0 1 1 0 0 
22049 22 5378 1 1 1 0 1 1 1 1 1 1 1 1 1 1 1 1 1 1 1 1 1 1 
22050 22 4780 1 1 1 0 0 1 1 1 1 0 1 1 1 1 1 1 1 1 1 0 1 0 
22051 22 3216 0 0 1 0 0 1 0 1 1 0 1 1 0 1 1 1 0 1 1 1 1 1 
22052 22 3375 1 0 0 1 1 1 0 1 1 0 0 0 1 0 0 1 1 1 0 0 0 1 
22053 22 3329 0 1 0 1 1 1 1 1 0 0 1 0 0 0 1 1 0 1 1 1 0 0 
22054 22 5039 1 1 1 1 1 1 1 0 1 0 0 0 1 1 1 0 1 1 0 1 1 1 
22055 22 4475 0 1 1 1 0 0 0 1 0 0 1 1 1 1 0 1 0 0 1 1 1 0 
22056 22 5105 1 1 1 1 0 1 0 0 1 1 1 1 1 0 1 1 1 1 1 0 1 1 
22057 22 2010 1 0 0 0 0 0 0 1 0 1 1 0 0 0 0 1 0 0 0 0 1 0 
22058 22 5306 1 1 1 1 1 1 1 0 1 1 1 1 1 1 1 1 1 0 1 1 1 1 
22059 22 5573 1 1 1 1 1 1 1 1 0 1 0 1 1 0 1 1 1 1 1 1 1 1 
22060 22 4532 0 0 1 1 1 1 1 1 1 1 0 0 1 1 1 1 1 1 0 1 0 1 
22061 22 3901 0 0 1 0 1 1 0 0 0 1 0 0 1 1 1 1 0 1 1 1 0 1 
22062 22 5115 1 0 0 1 0 1 1 1 1 1 1 1 1 1 1 1 1 1 0 1 1 1 
22063 22 5283 1 1 1 1 1 1 1 1 1 1 1 1 1 1 1 1 1 1 1 1 1 1 
22064 22 3337 0 0 1 1 1 0 0 1 0 0 0 1 0 0 0 1 1 1 1 1 1 0 
22065 22 5194 1 1 1 1 1 1 1 1 1 1 0 1 1 1 1 1 1 0 1 1 1 1 
22066 22 2227 1 0 0 0 0 1 0 0 0 0 0 0 0 1 0 1 1 0 0 1 0 0 
22067 22 5376 1 1 1 1 1 1 0 0 1 0 1 1 0 1 1 0 0 0 1 1 0 1 
22068 22 4802 1 1 1 1 1 1 1 1 1 1 1 1 1 1 1 1 1 1 1 1 1 1 
22069 22 4967 0 1 1 1 0 1 1 1 0 1 1 1 1 1 0 1 1 1 1 1 1 1 
22070 22 1801 1 0 0 0 1 0 0 0 1 0 1 0 0 1 0 0 0 1 0 0 1 0 
22071 22 4340 1 1 1 1 1 0 0 1 1 1 1 1 0 1 1 0 1 1 1 1 1 0 
22072 22 4945 1 1 1 1 1 1 1 1 1 1 1 1 1 1 1 1 1 1 1 1 1 1 
22073 22 5274 1 1 1 1 1 1 1 1 1 1 1 1 1 1 1 1 1 1 1 1 1 0 
22074 22 3777 1 0 0 0 1 0 1 1 1 1 1 0 0 0 0 0 1 1 0 0 0 1 
22075 22 5444 1 1 1 0 1 0 1 1 1 0 1 1 1 1 1 0 1 0 1 1 1 1 
22076 22 5143 1 1 0 1 1 1 1 1 0 1 0 0 1 1 0 1 0 1 1 1 1 1 
22077 22 3030 0 0 1 0 1 0 0 0 1 0 0 1 0 1 1 1 0 1 0 0 1 0 
22078 22 6529 1 1 1 0 1 1 0 1 1 1 1 1 1 1 1 1 1 1 0 1 1 1 
22079 22 3123 0 1 1 1 0 0 0 1 0 0 1 0 0 0 0 1 1 0 1 1 0 1 
22080 22 3789 1 1 0 1 1 0 1 1 1 0 1 1 0 1 0 1 1 1 0 0 1 1 
22081 22 4657 1 1 0 1 1 0 1 1 1 1 0 1 1 0 1 1 1 1 1 0 1 1 
22082 22 3350 0 0 1 1 1 0 1 0 1 1 1 0 0 0 0 1 0 0 0 0 1 1 
22083 22 4437 1 1 1 1 1 0 1 0 0 1 1 1 0 1 1 0 1 1 1 0 1 1 
22084 22 2470 0 1 0 1 0 1 1 0 0 0 0 0 1 1 0 0 0 0 1 1 0 0 
22085 22 6113 1 1 1 0 1 1 1 1 1 1 1 1 1 1 1 1 1 1 1 1 1 1 
22086 22 4826 1 1 1 1 1 0 1 1 1 1 0 1 0 0 0 1 0 0 0 1 1 1 
22087 22 4976 1 1 1 1 0 1 1 1 1 1 1 1 1 1 1 1 1 1 1 0 1 1 
22088 22 4152 1 1 1 1 1 1 1 1 0 1 1 1 1 1 1 1 1 1 1 1 1 1 
22089 22 428 0 0 0 0 0 0 0 1 0 0 0 0 0 0 0 0 0 0 0 0 0 0 
22090 22 2399 0 1 1 1 0 1 0 1 0 0 1 0 1 1 0 0 0 0 0 1 0 0 
22091 22 2890 1 0 1 1 0 0 0 0 1 0 0 1 1 1 0 1 0 1 1 0 1 0 
22092 22 1518 0 0 1 0 0 0 0 1 0 1 0 1 1 0 1 0 0 0 0 0 0 0 
22093 22 2063 0 0 0 0 0 0 0 1 1 0 1 0 0 0 1 0 0 1 0 0 0 1 
22094 22 6268 1 1 1 1 1 1 1 1 1 1 1 1 1 1 1 1 0 1 1 1 1 1 
22095 22 6716 1 1 1 1 1 1 1 1 1 1 0 1 1 0 1 1 1 1 1 1 1 1 
22096 22 5190 1 1 1 1 1 1 1 1 1 1 1 1 1 1 1 1 1 1 1 1 1 1 
22097 22 4978 1 0 1 1 1 1 1 0 0 1 1 1 1 1 1 1 1 1 1 1 1 1 
22098 22 4515 0 1 0 1 0 0 0 1 0 1 1 1 1 1 1 1 1 1 1 1 0 0 
22099 22 2326 0 0 1 1 1 1 0 0 1 0 0 0 1 0 0 0 0 1 0 0 0 0 
22100 22 2703 1 0 1 0 0 1 0 0 0 0 1 0 1 0 0 1 0 0 1 0 1 0 
22101 22 3841 0 0 1 1 1 0 1 1 1 0 0 1 0 0 1 1 1 0 0 0 0 1 
22102 22 5057 0 1 1 0 1 1 1 1 1 1 1 1 0 1 1 1 1 1 0 1 1 1 
22103 22 2197 1 0 0 1 1 0 1 0 0 0 0 0 1 0 1 0 0 0 0 0 0 0 
22104 22 5930 1 1 1 1 1 1 1 1 1 1 1 1 1 1 1 1 1 1 1 1 1 1 
22105 22 2906 0 1 1 0 1 0 1 0 0 1 1 0 0 0 0 0 1 0 1 0 0 1 
22106 22 2461 1 1 0 0 0 1 1 0 0 0 1 1 0 0 0 0 0 0 0 0 1 1 
22107 22 4548 1 0 0 1 0 1 1 1 0 0 1 1 1 1 1 1 1 1 1 1 1 1 
22108 22 4961 1 1 1 1 1 0 1 1 1 0 1 0 1 1 0 1 1 1 1 1 0 1 
22109 22 5253 1 1 1 1 1 0 1 1 1 1 0 0 0 1 0 1 1 0 1 1 1 1 
22110 22 6332 0 1 1 1 1 1 1 1 1 1 1 1 1 1 1 1 0 1 1 1 1 1 
22111 22 4755 0 1 1 1 1 1 0 1 1 0 0 1 1 0 1 1 1 1 1 1 1 0 
22112 22 5229 1 0 1 1 1 1 1 1 1 1 0 1 1 1 1 1 1 1 1 1 1 0 
22113 22 5832 1 1 1 1 1 1 1 1 1 1 1 1 1 1 1 1 0 1 1 1 1 1 
22114 22 3168 1 0 0 0 0 1 0 1 1 0 0 0 1 1 1 0 1 0 0 0 0 0 
22115 22 5345 1 1 1 1 1 1 1 1 1 1 1 1 1 1 1 1 1 1 1 0 1 0 
22116 22 4436 1 1 1 1 1 0 1 1 1 0 1 1 1 1 1 1 1 1 1 1 1 1 
22117 22 3810 0 1 1 0 1 0 1 0 0 1 0 1 1 1 0 1 0 0 0 0 1 1 
22118 22 5458 1 1 1 1 1 1 0 0 0 1 0 1 1 1 1 1 1 1 1 1 1 1 
22119 22 6137 1 1 1 1 1 1 1 1 1 1 1 0 1 1 1 1 1 1 1 1 1 1 
22120 22 5126 1 1 1 1 0 1 1 1 1 1 1 1 1 1 1 1 1 1 0 0 0 1 
22121 22 6526 1 1 1 1 1 1 1 1 1 1 1 1 1 1 1 1 1 1 1 1 1 1 
22122 22 1906 0 1 1 0 1 0 0 0 1 0 0 0 0 0 0 1 0 0 0 0 0 1 
22123 22 4246 1 0 1 1 1 0 1 1 1 1 1 0 1 1 0 0 1 0 1 0 1 0 
22124 22 4725 1 1 1 1 1 1 1 1 0 0 1 0 1 1 0 1 1 0 1 1 1 1 
22125 22 4420 1 1 1 0 0 0 1 1 0 1 1 0 0 1 1 1 1 1 1 1 0 0 
22126 22 6067 1 1 0 1 1 1 1 1 1 1 1 1 1 1 1 0 1 1 1 0 1 1 
22127 22 4398 1 1 1 1 1 1 1 1 1 0 0 1 1 0 1 1 1 1 1 0 1 1 
22128 22 3634 1 0 0 0 1 0 0 0 1 1 0 1 1 1 1 1 0 1 0 1 0 0 
22129 22 4469 1 0 0 0 1 1 0 1 1 1 1 0 1 1 1 1 0 1 1 1 1 0 
22130 22 6519 1 1 1 1 1 1 1 1 1 1 1 1 1 1 1 1 1 1 1 1 1 1 
22131 22 1904 0 0 0 0 0 1 0 0 0 1 1 1 0 0 1 1 1 1 0 0 0 0 
22132 22 3326 1 0 1 0 0 1 1 0 0 0 0 1 0 1 0 1 1 0 0 0 1 0 
22133 22 3894 0 1 0 1 0 1 1 0 1 1 1 0 0 1 1 1 0 0 1 0 1 1 
22134 22 5388 0 1 1 0 1 1 1 0 1 1 0 0 1 1 0 1 1 1 0 1 1 1 
22135 22 4768 0 1 1 1 1 0 1 1 0 0 1 1 1 1 1 0 1 1 1 1 1 1 
22136 22 4890 1 1 0 0 1 1 0 1 1 1 1 1 1 0 1 0 1 0 1 1 1 0 
22137 22 5149 1 1 0 1 1 1 1 1 1 1 1 0 0 1 1 1 1 1 1 1 1 1 
22138 22 3979 1 1 0 1 0 1 1 1 0 0 1 0 0 1 1 0 0 1 1 1 1 1 
22139 22 3524 0 1 1 1 1 1 1 0 0 1 0 1 1 0 1 0 0 0 1 0 0 1 
22140 22 5109 0 1 1 1 0 1 1 0 1 1 1 1 1 1 1 1 0 1 1 0 1 1 
22141 22 5666 1 1 1 1 1 1 1 1 1 1 1 1 1 1 1 1 1 1 1 1 1 1 
22142 22 6735 1 1 0 1 1 1 0 1 1 1 1 1 1 1 1 1 1 1 1 1 1 0 
22143 22 3645 0 0 1 1 0 1 0 1 0 1 1 1 0 1 0 1 1 1 0 1 0 1 
22144 22 4683 0 1 0 1 1 1 1 0 1 1 1 1 1 0 1 1 1 1 1 0 0 1 
22145 22 3920 1 1 1 1 0 1 0 0 1 0 0 0 1 1 0 1 1 1 0 0 0 1 
22146 22 3111 1 1 1 0 1 0 0 0 0 0 1 1 1 1 0 0 1 1 0 0 1 1 
22147 22 4557 0 1 1 1 0 1 0 1 1 1 0 0 0 1 1 1 1 0 1 0 1 1 
22148 22 4267 0 1 0 0 0 1 0 1 1 0 0 1 0 1 1 1 0 1 1 1 1 1 
22149 22 2356 1 0 0 0 0 1 0 1 0 0 0 1 1 0 0 0 0 0 0 0 0 1 
22150 22 2496 1 1 0 0 1 1 0 0 0 1 0 0 0 1 0 0 0 0 1 0 0 1 
22151 22 5208 1 0 1 1 0 0 0 1 1 1 1 1 1 1 1 1 1 1 0 1 1 1 
22152 22 4309 1 0 0 1 1 1 1 0 1 1 0 1 1 1 1 1 1 1 1 1 1 1 
22153 22 5422 1 1 1 1 1 1 1 1 1 1 1 0 1 1 1 1 0 1 1 1 1 1 
22154 22 4807 1 1 1 1 0 1 1 1 1 0 1 1 1 1 1 1 0 0 0 1 1 0 
22155 22 4296 1 1 0 1 1 1 0 1 1 1 1 1 1 0 1 1 1 1 1 1 1 1 
22156 22 5801 1 1 1 1 1 1 1 1 1 1 1 1 0 1 1 1 1 1 1 1 1 0 
22157 22 1562 0 0 0 1 1 1 0 0 0 1 0 0 0 0 1 0 0 0 0 0 0 0 
22158 22 2821 0 0 0 0 1 1 1 0 0 1 1 1 0 0 0 0 0 0 0 1 0 1 
22159 22 3902 0 0 1 0 0 0 0 1 0 1 1 1 1 0 1 0 1 0 1 1 1 0 
22160 22 4085 1 1 0 1 0 0 0 1 0 1 0 1 1 1 1 1 0 1 1 1 0 0 
22161 22 6205 0 0 1 1 1 1 1 1 1 1 1 1 1 1 0 1 0 1 1 1 1 1 
22162 22 5428 1 0 1 1 1 1 1 0 1 1 1 1 1 1 1 1 1 1 1 1 1 1 
22163 22 1550 0 0 1 0 0 0 0 1 1 0 0 1 0 0 0 0 0 0 0 0 0 1 
22164 22 5713 1 1 1 1 1 1 1 1 1 0 1 1 0 1 1 0 1 1 1 0 1 1 
22165 22 5017 1 1 1 1 1 1 1 0 0 1 1 0 1 1 0 1 0 1 0 1 1 1 
22166 22 3354 0 0 0 1 1 0 0 0 1 1 1 0 0 1 1 1 1 1 0 1 0 0 
22167 22 3281 0 0 1 0 0 1 1 1 1 0 0 0 0 1 0 1 1 1 1 0 0 0 
22168 22 2205 0 0 0 1 0 0 0 1 1 0 0 0 0 0 0 0 0 1 0 0 1 0 
22169 22 3299 0 1 0 0 0 0 0 0 1 1 0 1 0 1 0 0 0 0 1 0 1 1 
22170 22 886 0 0 0 1 1 1 0 0 0 0 0 0 1 0 0 1 0 0 0 0 1 0 
22171 22 5603 1 1 1 1 1 1 1 1 1 1 1 1 0 0 1 1 1 0 1 1 1 0 
22172 22 3605 0 1 1 1 0 0 1 1 1 1 1 0 0 1 1 1 0 1 1 0 1 0 
22173 22 5272 1 1 1 1 1 1 1 1 0 1 1 1 1 1 1 1 1 1 1 0 1 1 
22174 22 5590 1 1 1 0 1 0 1 0 1 1 0 1 0 1 1 1 1 1 1 1 0 1 
22175 22 4079 0 0 1 0 0 1 1 0 0 0 0 1 1 0 1 1 0 1 1 1 0 1 
22176 22 4361 1 1 1 1 1 1 1 1 0 1 1 0 0 1 0 1 1 1 1 1 1 1 
22177 22 5070 1 1 1 1 0 1 1 1 1 1 1 1 1 1 1 1 0 1 1 0 1 0 
22178 22 1743 1 1 0 0 0 0 1 0 0 0 0 0 0 0 0 1 0 0 0 1 0 0 
22179 22 6260 1 1 0 1 1 1 1 0 1 0 1 1 1 1 1 1 1 1 1 1 1 1 
22180 22 5803 1 1 1 1 1 1 1 1 1 1 1 1 1 1 1 1 1 0 1 1 1 1 
22181 22 4105 1 1 1 1 0 0 1 0 1 0 1 0 0 1 1 1 1 1 0 1 0 1 
22182 22 4283 1 1 1 0 1 0 1 0 1 0 1 0 0 1 1 1 0 1 0 1 1 1 
22183 22 5405 1 1 1 0 1 1 0 1 1 1 1 1 1 1 0 1 1 0 0 0 0 1 
22184 22 5680 1 1 1 1 1 1 0 1 0 1 1 1 1 1 1 1 1 1 1 0 1 0 
22185 22 4038 1 1 0 0 1 1 1 0 0 1 1 1 1 1 0 0 1 0 1 1 0 0 
22186 22 1459 0 0 0 0 0 0 0 0 1 1 0 1 0 0 0 0 0 0 0 0 0 0 
22187 22 4185 1 0 0 0 1 0 1 0 0 1 1 0 1 1 1 1 0 1 1 1 1 0 
22188 22 3818 0 1 1 0 1 0 1 0 0 0 0 1 1 0 1 0 0 1 1 0 1 1 
22189 22 6447 1 1 1 1 1 1 1 1 1 1 1 1 1 1 1 1 1 1 1 1 1 1 
22190 22 3498 1 0 1 1 0 0 0 1 0 0 0 1 1 1 0 1 0 1 0 1 1 1 
22191 22 2696 1 0 0 0 1 1 0 0 0 0 1 0 1 0 1 0 0 0 1 0 0 1 
22192 22 4663 1 1 1 1 0 1 1 0 0 1 1 0 1 1 1 0 1 1 1 0 0 0 
22193 22 3041 1 1 1 0 1 0 1 0 0 0 0 0 1 1 1 0 0 1 0 1 1 0 
22194 22 2787 1 1 0 0 0 1 0 0 1 0 1 0 1 0 0 1 0 1 1 0 0 1 
22195 22 4456 0 1 1 1 1 1 1 1 1 1 0 0 1 1 0 0 0 1 1 0 0 1 
22196 22 3072 0 1 0 0 0 0 1 0 0 0 0 1 1 0 1 1 1 0 0 0 1 1 
22197 22 2446 0 0 0 0 1 1 1 0 0 1 1 0 0 0 0 0 0 0 1 0 0 1 
22198 22 2463 1 0 0 1 1 0 0 1 0 1 0 1 0 0 0 1 0 0 1 0 0 1 
22199 22 5058 0 1 0 1 1 1 1 1 1 1 0 0 1 1 0 1 0 1 1 0 0 1 
22200 22 5138 1 1 1 1 1 0 1 1 1 1 1 1 1 1 1 1 1 1 1 0 0 1 
22201 22 1744 1 0 0 0 0 1 0 0 0 0 0 1 0 0 0 0 1 0 0 0 0 0 
22202 22 5306 1 1 0 1 1 1 1 1 0 1 0 1 1 1 0 1 1 1 1 0 1 1 
22203 22 4249 1 0 0 0 1 0 1 1 1 1 1 1 1 1 1 1 1 0 1 0 1 0 
22204 22 3859 0 1 0 1 0 1 1 1 1 0 1 0 1 0 0 0 0 1 1 1 0 0 
22205 22 6120 1 1 1 1 1 1 1 1 1 0 1 1 0 1 0 1 1 1 1 0 1 1 
22206 22 2667 0 1 0 0 0 0 1 0 1 1 0 0 1 1 1 0 0 0 1 1 0 0 
22207 22 5188 0 1 0 0 1 0 1 1 1 1 1 1 0 1 0 1 1 1 1 0 0 1 
22208 22 5867 1 0 1 1 1 1 1 1 0 1 1 1 0 1 1 1 0 0 0 1 1 1 
22209 22 4748 1 0 1 1 1 1 1 1 1 0 1 1 0 0 1 1 1 1 0 1 0 1 
22210 22 4796 1 1 1 1 1 1 1 0 1 1 1 1 1 0 0 1 1 1 0 0 0 0 
22211 22 5657 1 1 0 1 0 1 0 1 1 1 1 1 1 1 0 1 1 1 1 1 0 1 
22212 22 5005 1 1 0 1 1 1 1 1 1 1 1 1 1 0 1 1 1 0 1 1 1 1 
22213 22 3427 0 0 1 1 1 0 1 1 0 1 0 1 0 0 1 1 1 0 1 1 0 0 
22214 22 4745 0 0 1 0 1 1 1 1 1 1 0 1 0 0 1 1 1 1 1 0 1 1 
22215 22 5364 1 0 1 1 0 1 0 1 0 1 1 1 1 1 1 1 1 1 1 1 1 1 
22216 22 1726 1 0 0 0 0 0 0 0 0 0 1 0 0 0 0 0 0 1 0 0 1 0 
22217 22 4682 1 1 0 0 1 1 0 0 1 1 1 0 1 1 1 0 1 1 1 1 1 1 
22218 22 4796 1 1 1 1 1 1 1 1 1 1 0 1 0 0 1 0 0 0 1 1 0 1 
22219 22 2795 0 0 1 0 0 0 1 1 0 1 0 0 1 0 0 1 0 0 0 1 0 0 
22220 22 2640 0 1 0 1 1 0 1 0 1 1 1 0 0 0 0 1 0 0 0 0 0 0 
22221 22 3766 0 1 0 1 1 1 0 1 1 1 1 1 0 1 1 1 1 1 0 1 1 0 
22222 22 4060 1 0 0 1 1 1 0 0 1 1 1 0 0 1 0 1 0 1 0 1 0 0 
22223 22 3847 1 1 1 1 0 1 1 1 1 1 0 1 1 1 1 0 0 1 0 1 1 1 
22224 22 4693 1 1 1 1 1 1 1 1 1 1 0 0 1 1 0 1 0 1 1 0 1 0 
22225 22 2258 0 0 0 0 0 1 1 1 0 1 0 1 0 0 1 0 0 0 1 0 0 0 
22226 22 1878 0 0 1 0 0 1 0 0 0 1 0 0 0 0 0 1 1 0 1 0 0 0 
22227 22 4439 1 1 1 1 1 1 1 1 1 0 1 0 1 1 1 1 1 1 1 1 1 1 
22228 22 3598 0 1 1 0 1 1 0 1 0 0 0 1 1 0 0 1 0 0 0 1 1 1 
22229 22 5779 1 1 1 1 1 1 1 1 1 0 1 1 1 1 1 1 1 1 1 1 1 1 
22230 22 2320 1 0 0 0 0 1 0 1 1 1 0 0 0 0 0 1 0 0 1 0 0 0 
22231 22 4319 1 1 0 1 0 0 0 1 0 1 1 0 0 1 1 1 0 1 1 1 0 0 
22232 22 4735 1 1 1 1 1 0 0 1 1 1 0 1 1 1 1 1 1 1 1 1 1 1 
22233 22 4836 1 1 0 1 0 1 1 1 1 1 1 0 1 1 1 1 1 1 1 0 1 1 
22234 22 5877 1 1 1 1 1 1 1 0 1 1 1 1 1 0 1 1 1 1 1 1 1 1 
22235 22 5865 1 1 1 1 1 1 1 1 1 1 1 1 1 1 1 1 1 1 1 0 1 1 
22236 22 5115 1 1 1 0 1 1 1 1 0 1 0 1 1 1 0 0 1 1 1 1 1 1 
22237 22 3101 1 0 1 0 1 1 0 1 0 0 0 0 1 1 0 0 0 1 1 0 1 0 
22238 22 5808 1 1 1 0 1 1 0 0 1 1 1 0 1 1 1 1 1 0 1 1 1 1 
22239 22 2363 0 0 1 1 1 0 0 0 1 0 0 0 1 0 0 1 0 0 1 1 1 0 
22240 22 3966 0 1 0 1 1 1 0 0 0 0 0 1 1 1 1 0 1 1 1 1 1 0 
22241 22 3796 0 0 1 0 1 1 0 0 0 0 1 0 0 1 1 0 1 1 1 1 0 1 
22242 22 2955 0 1 0 0 1 0 0 0 0 0 1 0 1 1 0 0 1 1 1 0 1 0 
22243 22 2484 0 0 0 0 1 1 0 0 1 0 1 0 1 0 0 0 1 0 0 0 1 0 
22244 22 2148 0 0 0 0 0 1 1 0 0 0 0 0 0 0 0 0 1 1 0 0 1 1 
22245 22 4208 1 0 1 0 1 1 0 0 1 1 1 1 0 0 1 1 0 0 1 1 1 1 
22246 22 4255 0 0 1 1 1 1 1 1 0 1 0 1 1 1 1 1 1 0 1 1 1 0 
22247 22 2346 1 0 1 1 1 1 0 0 0 0 0 0 0 0 0 0 1 0 0 0 0 0 
22248 22 4359 1 1 1 1 0 0 1 1 1 1 1 0 0 1 1 1 0 0 1 0 1 1 
22249 22 5490 0 1 1 0 1 1 1 1 1 1 1 0 0 1 0 0 1 1 1 1 1 0 
22250 22 5878 1 1 1 1 0 0 1 1 1 1 1 1 1 1 1 1 1 1 1 0 0 1 
22251 22 1509 0 0 0 1 1 0 0 0 1 0 1 0 0 0 0 0 1 0 0 1 0 0 
22252 22 4006 1 0 1 1 0 0 1 1 1 1 0 1 1 1 1 1 1 1 1 0 0 1 
22253 22 4093 1 1 1 1 1 1 1 1 1 1 1 1 1 1 1 1 1 1 1 1 1 1 
22254 22 4091 1 1 1 1 1 1 1 1 1 1 1 0 1 0 1 1 1 1 1 1 1 1 
22255 22 3052 0 0 1 1 0 1 1 1 1 1 0 0 0 0 0 1 1 1 0 1 0 0 
22256 22 4212 0 1 0 1 1 0 0 0 1 1 1 1 1 1 1 1 0 1 0 0 1 0 
22257 22 3452 0 1 0 1 0 0 0 1 1 0 0 0 1 1 1 0 1 0 1 1 0 0 
22258 22 5358 1 1 1 1 1 1 1 1 1 1 1 1 1 1 1 1 1 1 1 1 1 1 
22259 22 5745 1 1 1 1 1 1 0 0 1 1 1 1 1 0 1 1 1 1 1 1 0 1 
22260 22 1683 1 0 0 0 1 0 0 0 1 1 0 0 0 0 1 0 0 1 0 0 0 1 
22261 22 5548 1 1 1 1 0 1 1 1 1 0 1 1 1 1 1 1 0 0 1 1 1 1 
22262 22 3686 0 0 1 1 1 1 1 0 1 1 0 0 0 0 1 1 1 0 0 1 0 1 
22263 22 4473 1 1 0 1 0 0 1 1 1 1 1 0 0 1 0 0 0 0 1 0 1 1 
22264 22 4036 1 1 0 1 0 0 1 1 1 1 1 0 0 0 0 1 1 1 0 1 1 0 
22265 22 4252 1 0 0 1 1 0 1 1 0 1 0 1 0 0 1 1 1 0 1 0 0 1 
22266 22 5294 1 1 1 1 1 1 1 1 0 0 1 1 1 1 1 1 1 1 1 1 1 1 
22267 22 2071 1 0 0 0 0 0 0 0 0 1 1 0 0 0 1 0 0 0 0 0 0 1 
22268 22 3111 0 0 1 0 0 1 0 1 0 0 1 0 1 0 0 1 0 1 1 0 0 1 
22269 22 4041 0 0 1 0 1 0 1 1 1 1 1 1 0 1 0 1 0 0 1 1 1 0 
22270 22 4384 0 0 1 1 0 1 0 1 0 1 0 1 1 1 0 1 0 1 1 1 1 1 
22271 22 4553 1 0 1 1 1 1 1 0 1 0 1 1 1 1 1 0 0 0 1 0 1 1 
22272 22 5646 1 0 0 1 1 1 1 1 0 1 1 1 1 1 1 1 1 1 1 1 1 1 
22273 22 5547 1 1 1 1 1 1 1 1 1 1 1 1 1 1 1 1 1 1 1 1 1 1 
22274 22 5775 1 1 1 1 1 1 1 1 1 1 1 1 1 1 1 1 1 1 1 1 1 1 
22275 22 3984 0 1 1 1 1 1 1 0 1 0 0 1 1 0 1 0 1 0 0 1 1 1 
22276 22 3873 1 1 0 1 1 0 1 1 0 1 1 0 1 1 0 0 0 1 1 1 1 1 
22277 22 6510 1 0 1 0 0 1 1 1 1 1 1 1 1 1 1 1 1 1 1 1 1 1 
22278 22 4609 1 1 1 0 1 0 1 1 1 1 0 1 1 0 1 1 0 0 0 1 0 1 
22279 22 6403 1 1 1 1 0 1 1 1 1 0 1 1 1 1 1 1 1 1 1 1 1 1 
22280 22 2326 1 1 1 0 1 0 0 0 0 0 0 1 1 0 0 0 0 0 1 0 0 0 
22281 22 5378 1 1 0 1 1 1 0 1 1 1 1 1 1 1 1 1 0 0 1 1 0 1 
22282 22 2959 1 0 0 1 1 1 0 0 0 0 1 1 1 0 0 1 0 1 0 0 0 0 
22283 22 1553 0 0 0 0 0 0 0 0 0 0 0 0 1 0 0 1 1 1 0 0 0 1 
22284 22 4886 1 0 1 1 0 1 1 0 0 1 1 1 1 1 1 1 1 1 1 1 1 1 
22285 22 2546 1 0 1 1 1 0 0 1 1 0 1 0 0 0 1 0 0 0 0 0 1 0 
22286 22 4008 1 1 1 1 1 1 0 1 1 1 1 1 1 1 1 1 0 1 1 1 1 1 
22287 22 2244 0 1 0 0 0 0 0 0 1 0 0 0 0 1 0 1 0 0 1 0 0 1 
22288 22 4671 1 0 0 0 0 1 1 1 1 1 1 1 1 1 1 1 1 1 1 1 1 1 
22289 22 2778 0 0 0 0 0 1 1 1 0 0 1 1 1 0 0 1 0 0 0 0 0 1 
22290 22 5089 1 1 1 1 1 0 1 1 0 1 0 1 0 1 0 0 1 0 1 0 1 0 
22291 22 5002 0 0 0 1 1 0 1 0 1 1 1 1 1 1 0 1 1 1 1 1 1 1 
22292 22 4801 1 1 1 1 1 0 1 1 1 1 0 1 1 1 1 1 1 1 1 1 1 0 
22293 22 3148 0 0 0 0 1 1 0 1 0 1 1 0 1 0 0 0 0 0 1 1 1 0 
22294 22 6487 1 1 1 1 1 1 1 1 1 1 1 1 1 1 1 1 1 1 1 1 1 1 
22295 22 3625 1 1 1 0 0 1 1 0 1 0 0 1 1 1 0 0 1 0 1 0 0 0 
22296 22 4896 1 1 1 0 0 1 1 1 1 1 1 1 1 1 1 0 1 1 0 1 1 0 
22297 22 4931 1 1 1 1 1 0 1 1 1 1 1 1 1 1 1 1 1 1 1 1 0 1 
22298 22 5751 1 1 1 1 1 1 1 1 0 1 1 0 1 1 1 1 1 1 1 1 1 1 
22299 22 5500 0 1 0 1 1 1 0 1 1 1 1 1 0 0 0 1 1 1 1 1 0 0 
22300 22 5462 0 1 0 1 1 1 1 0 1 1 0 1 1 1 1 1 1 1 1 0 0 1 
22301 22 5224 1 1 1 1 1 1 1 1 1 1 1 1 0 1 1 1 1 1 1 1 1 1 
22302 22 5802 0 1 1 1 1 1 1 1 1 1 1 1 1 1 1 0 1 1 1 1 1 1 
22303 22 5145 0 1 1 0 1 1 1 1 1 1 1 1 1 1 1 1 1 1 1 1 1 1 
22304 22 5175 1 1 1 0 1 1 0 1 1 1 1 0 1 1 1 1 1 0 0 1 1 0 
22305 22 4561 0 0 1 1 1 1 1 0 0 1 1 0 0 1 1 1 0 1 1 1 0 1 
22306 22 4846 1 1 1 0 1 1 0 1 1 1 1 1 0 1 1 1 1 1 1 1 0 1 
22307 22 3219 1 0 1 0 1 1 0 0 1 0 0 1 1 1 1 0 0 1 0 1 0 0 
22308 22 3702 0 1 0 1 1 0 1 0 0 1 1 1 1 1 1 0 0 1 1 1 0 0 
22309 22 2373 0 0 0 0 1 0 0 1 1 0 1 0 0 0 0 0 0 1 0 1 0 0 
22310 22 4477 0 0 0 1 1 1 0 0 1 0 0 0 1 1 1 1 1 1 1 1 1 0 
22311 22 1160 1 0 0 0 0 0 1 0 0 0 0 0 0 0 0 1 1 0 0 0 0 0 
22312 22 5912 1 1 1 1 1 1 1 1 1 1 1 1 1 1 1 1 1 1 1 1 1 1 
22313 22 3928 0 0 1 1 0 1 1 0 1 0 1 1 0 1 0 1 0 0 1 1 0 0 
22314 22 4526 1 1 0 1 1 1 1 1 1 1 1 1 1 1 1 0 0 1 1 1 0 1 
22315 22 5855 1 1 0 1 1 1 1 1 0 1 0 1 1 1 1 1 1 1 1 0 1 0 
22316 22 2299 0 0 0 0 0 1 1 0 1 0 0 0 0 1 0 0 1 1 0 1 1 0 
22317 22 5608 1 1 1 1 1 1 1 1 1 1 1 1 0 1 1 1 1 1 1 1 1 1 
22318 22 3102 1 1 0 1 0 0 1 1 0 1 1 0 0 0 1 0 0 1 0 0 0 0 
22319 22 3305 1 1 1 1 0 1 0 1 0 0 1 0 0 1 0 0 0 0 0 1 0 0 
22320 22 3233 1 1 0 0 1 0 0 1 1 1 1 0 0 0 1 1 0 1 1 0 0 0 
22321 22 5138 1 1 1 1 1 1 1 0 0 0 1 1 1 1 1 0 1 0 1 1 1 1 
22322 22 4650 1 0 1 1 0 0 1 0 1 1 1 1 0 1 0 1 1 0 1 1 1 0 
22323 22 3825 1 1 1 1 1 1 0 1 0 0 1 0 1 0 1 1 0 1 1 1 1 1 
22324 22 1560 0 1 0 0 0 0 1 0 0 0 0 1 0 0 0 0 1 0 0 0 0 0 
22325 22 4960 0 1 0 1 1 0 1 0 1 1 0 1 1 1 1 1 1 0 1 0 1 1 
22326 22 5591 1 1 1 1 1 1 1 1 1 1 1 1 1 1 1 1 1 1 1 1 1 1 
22327 22 4724 1 1 0 1 1 0 1 0 1 1 1 1 1 1 0 1 1 1 1 0 1 1 
22328 22 4015 0 1 1 1 0 0 1 0 1 1 1 0 1 1 1 1 0 0 1 1 1 0 
22329 22 4097 1 1 1 1 0 1 1 0 1 0 0 1 1 1 1 0 0 1 1 0 1 1 
22330 22 1937 0 0 0 0 0 0 0 0 0 1 0 1 0 1 1 0 0 0 1 1 0 0 
22331 22 3112 0 0 1 1 0 0 0 1 0 1 0 1 1 1 0 1 0 0 0 1 1 0 
22332 22 5788 1 1 1 0 1 1 1 1 0 0 1 1 0 1 0 1 1 1 1 1 1 1 
22333 22 4339 0 1 0 1 0 1 1 0 1 0 1 0 1 1 1 0 1 1 1 1 1 1 
22334 22 1335 0 1 1 1 0 1 0 0 0 0 1 0 0 0 0 0 0 1 0 0 0 0 
22335 22 5050 1 1 1 1 1 1 1 1 1 1 1 1 1 1 1 1 1 1 1 1 1 1 
22336 22 4202 1 1 0 1 0 1 1 1 1 1 0 1 1 1 1 0 0 1 1 1 1 1 
22337 22 3733 1 0 0 1 0 0 1 1 1 1 0 1 0 1 1 1 1 1 1 1 1 0 
22338 22 5017 1 1 1 0 1 0 1 1 1 1 1 0 1 1 1 1 1 1 1 0 0 1 
22339 22 4213 1 0 0 1 1 0 1 0 0 1 1 1 1 1 0 1 1 1 1 0 1 1 
22340 22 4672 1 1 1 1 0 1 1 1 0 1 0 1 0 1 1 0 1 0 0 0 1 1 
22341 22 4015 1 0 0 1 0 1 1 0 1 1 1 0 1 0 1 1 0 1 1 1 0 0 
22342 22 4403 1 0 1 1 1 1 1 1 0 0 1 1 1 0 1 0 1 0 1 0 0 1 
22343 22 5084 1 1 0 1 1 1 1 1 1 1 1 1 1 1 1 1 0 0 0 1 1 1 
22344 22 4717 1 0 0 1 1 1 1 1 0 1 0 1 0 1 1 0 1 0 1 0 1 0 
22345 22 2926 1 0 0 0 0 0 0 0 0 0 0 1 1 1 1 0 1 1 1 0 1 0 
22346 22 4203 1 1 1 1 0 1 0 1 0 0 0 1 1 1 0 0 0 0 0 1 1 1 
22347 22 5116 1 1 1 0 1 1 0 0 1 1 1 1 0 1 1 1 1 1 0 1 0 1 
22348 22 3338 0 0 1 0 1 0 0 1 0 0 0 1 1 0 1 1 0 0 1 0 0 1 
22349 22 4396 1 1 0 0 1 0 1 0 1 1 1 1 1 1 1 1 1 0 1 0 0 1 
22350 22 2282 0 1 0 0 0 1 0 0 0 0 1 1 0 0 0 1 0 1 0 1 1 0 
22351 22 4698 1 0 0 0 1 1 0 1 1 1 0 1 1 0 1 1 1 1 1 1 0 1 
22352 22 3438 0 1 0 1 1 0 0 1 0 0 1 0 0 1 0 1 1 1 0 0 1 1 
22353 22 4141 1 1 1 0 1 1 0 0 0 0 1 0 1 1 1 0 0 1 1 1 0 1 
22354 22 1973 0 0 0 0 0 0 0 0 0 0 0 1 1 1 0 0 0 1 0 1 0 1 
22355 22 4106 0 0 0 1 0 1 1 0 1 1 1 0 0 1 1 0 1 1 1 1 1 0 
22356 22 2145 0 0 1 0 0 0 0 0 1 0 0 0 1 1 0 0 1 0 1 0 0 0 
22357 22 4292 0 0 0 0 1 1 1 1 0 1 1 1 1 0 1 1 1 0 1 0 0 0 
22358 22 4596 1 1 1 1 1 1 1 1 1 0 1 0 1 1 1 0 1 0 1 1 1 1 
22359 22 4808 1 0 1 1 1 1 1 1 0 1 1 0 1 0 1 1 1 1 0 1 0 0 
22360 22 4224 1 1 0 0 0 1 1 0 1 1 0 0 1 1 1 1 0 1 1 0 0 0 
22361 22 5860 1 1 1 1 1 1 1 1 1 1 1 1 1 1 1 1 1 1 1 1 1 1 
22362 22 6235 0 1 1 1 1 1 1 1 1 1 1 1 1 1 1 1 1 1 1 1 1 1 
22363 22 3638 1 1 1 0 1 0 0 1 0 0 0 0 1 1 0 0 1 1 1 1 0 0 
22364 22 4650 1 1 0 0 1 0 1 0 1 0 1 1 0 0 1 0 0 1 1 1 1 1 
22365 22 6083 1 1 1 1 1 1 1 1 1 1 1 1 1 1 1 1 1 1 1 1 1 1 
22366 22 5404 1 1 1 0 1 0 1 1 0 1 1 1 0 1 0 1 1 1 0 1 1 1 
22367 22 6063 0 1 1 1 1 1 1 1 1 1 0 1 1 1 1 1 1 1 1 1 1 1 
22368 22 5557 1 0 1 1 1 1 1 1 1 1 0 1 1 1 0 1 1 0 1 1 1 1 
22369 22 3363 0 0 0 0 0 1 1 1 0 1 1 1 0 1 0 0 1 0 1 1 1 0 
22370 22 4675 0 1 1 0 1 0 0 1 1 1 1 0 1 1 1 1 1 1 0 0 0 1 
22371 22 2938 0 0 0 0 1 0 1 1 0 1 0 1 1 0 1 0 0 1 0 1 0 0 
22372 22 5161 1 1 0 0 1 1 1 1 1 1 1 1 0 1 1 1 1 1 1 1 1 1 
22373 22 4943 1 1 1 1 1 1 1 1 1 1 1 1 1 1 1 1 1 1 1 1 1 1 
22374 22 3484 1 1 0 0 0 1 1 0 0 1 1 0 1 1 0 0 0 1 1 0 0 1 
22375 22 5116 1 1 1 1 1 0 0 1 0 0 1 1 1 1 1 0 1 1 1 0 0 1 
22376 22 5991 1 1 1 1 1 1 1 1 1 1 1 1 1 1 1 1 1 1 1 1 1 1 
22377 22 5737 1 1 1 1 1 1 1 1 1 1 1 1 1 1 1 1 1 1 1 1 1 1 
22378 22 6412 1 1 1 0 1 1 1 1 1 1 1 1 1 1 1 1 1 1 1 1 1 1 
22379 22 5839 1 1 1 1 1 1 1 1 1 0 1 0 1 0 1 1 1 1 1 1 1 1 
22380 22 4807 1 0 1 1 1 1 1 1 1 1 1 1 1 0 1 1 1 1 1 1 1 1 
22381 22 6080 1 1 1 1 1 1 1 1 1 1 1 1 1 1 1 1 1 1 1 1 1 1 
22382 22 5570 1 1 0 1 0 1 1 1 1 1 1 1 1 1 1 1 1 1 1 1 1 1 
22383 22 4675 1 1 1 1 1 1 0 0 1 1 1 1 1 1 1 1 1 1 1 1 1 0 
22384 22 4431 1 1 1 1 1 1 1 1 1 1 1 1 1 1 1 1 1 1 1 1 1 1 
22385 22 5549 1 1 1 1 1 1 1 0 1 0 1 1 1 0 1 1 1 1 1 1 1 1 
22386 22 4649 1 1 1 1 0 1 0 1 0 1 1 1 0 1 1 1 1 1 0 0 0 0 
22387 22 4459 1 1 0 0 1 1 0 1 0 0 1 0 1 0 1 0 1 1 1 1 1 1 
22388 22 3982 0 1 0 0 0 1 1 0 1 1 0 0 0 1 1 0 0 1 1 1 1 1 
22389 22 4205 1 1 1 1 0 1 1 1 0 1 0 0 1 1 1 0 1 1 1 1 1 1 
22390 22 2377 0 1 1 0 0 0 1 1 0 0 0 0 1 1 0 0 0 1 0 1 0 0 
22391 22 4766 1 1 1 1 0 0 1 1 1 0 0 1 1 1 0 0 1 1 0 1 1 1 
22392 22 5765 1 1 1 1 1 1 1 1 1 1 1 0 1 1 1 1 1 1 1 1 1 1 
22393 22 2290 1 1 0 0 1 0 1 0 0 0 0 0 0 1 0 0 0 0 0 1 0 0 
22394 22 1642 1 0 0 1 0 0 0 0 0 0 0 0 0 1 0 0 0 0 0 1 0 0 
22395 22 4489 0 1 1 1 0 1 1 1 0 1 1 1 1 1 0 1 1 1 0 1 0 1 
22396 22 3848 1 1 1 0 0 1 0 1 1 1 0 1 1 1 0 0 0 1 1 1 0 1 
22397 22 3964 1 1 1 1 1 1 1 0 1 0 0 0 1 1 0 1 1 0 1 1 1 1 
22398 22 4712 1 1 0 1 1 0 0 0 1 1 1 0 1 1 1 0 1 1 0 1 0 1 
22399 22 3973 1 1 1 0 1 1 1 1 1 1 1 1 1 1 0 0 0 0 0 1 0 1 
22400 22 3166 1 1 1 0 1 1 0 0 1 1 0 0 1 1 0 0 1 0 0 1 1 0 
22401 22 3359 1 0 1 0 1 0 0 1 1 0 1 1 1 0 0 0 0 0 1 0 1 0 
22402 22 3266 0 0 0 1 0 0 1 1 1 0 0 0 1 0 1 0 0 0 1 1 1 1 
22403 22 2309 1 1 0 0 1 0 0 0 1 0 0 1 1 1 0 0 0 0 0 0 0 0 
22404 22 5271 1 0 1 1 1 1 1 1 1 1 1 1 1 1 0 1 1 1 1 1 0 1 
22405 22 4042 0 1 0 1 1 0 1 1 0 0 1 1 1 1 1 1 1 0 1 0 1 1 
22406 22 4785 0 0 1 0 1 0 1 0 1 0 0 1 1 1 1 1 1 1 0 1 1 1 
22407 22 1844 0 0 0 0 0 0 1 1 0 0 0 0 0 0 0 1 0 0 0 0 1 1 
22408 22 3149 0 1 0 1 1 1 0 0 0 0 0 0 0 1 0 1 1 0 0 0 1 1 
22409 22 5374 1 1 0 1 1 1 1 1 1 1 1 1 1 1 1 1 1 1 1 1 1 0 
22410 22 3660 1 1 1 1 1 0 1 1 1 0 0 1 1 1 1 1 1 1 1 0 0 1 
22411 22 6025 1 1 1 0 1 1 1 1 0 1 0 0 1 1 1 1 0 1 1 1 0 1 
22412 22 5190 1 1 1 1 1 1 1 1 1 0 1 0 1 1 1 1 1 1 1 1 1 1 
22413 22 5136 0 1 0 1 1 1 1 1 0 1 1 1 1 1 0 1 1 0 1 1 1 1 
22414 22 2612 1 1 0 0 1 0 1 0 0 0 0 0 1 1 0 1 0 0 0 1 0 0 
22415 22 5096 1 1 0 0 1 0 1 1 0 1 1 1 0 1 0 1 0 1 1 0 1 0 
22416 22 5526 1 1 1 1 1 1 1 1 1 1 0 1 0 1 1 1 1 1 1 0 1 1 
22417 22 1769 0 0 1 0 0 0 0 0 0 0 0 0 0 1 0 1 1 0 0 0 0 0 
22418 22 6067 0 0 1 1 1 1 1 1 1 1 1 1 0 0 1 1 0 0 1 1 1 1 
22419 22 2899 0 0 0 0 0 1 0 0 0 0 0 1 1 0 0 1 1 1 0 1 1 0 
22420 22 3288 1 0 0 1 1 1 0 1 1 0 1 0 0 0 1 1 0 1 0 1 1 0 
22421 22 3808 1 1 0 1 0 1 0 1 1 0 0 1 1 1 1 0 1 1 0 1 1 1 
22422 22 1298 0 1 0 0 0 0 1 0 0 0 1 0 0 0 1 0 0 0 0 0 0 0 
22423 22 3484 0 1 1 0 1 0 0 1 0 0 1 1 1 0 0 0 0 1 0 1 1 0 
22424 22 5303 1 1 1 1 1 1 1 0 0 0 1 1 1 1 0 1 1 0 1 1 0 1 
22425 22 4744 1 1 1 1 1 0 0 1 0 1 1 0 1 0 1 1 1 1 1 1 1 1 
22426 22 4851 0 1 1 1 1 1 1 1 1 1 0 1 1 1 1 1 1 1 1 0 1 1 
22427 22 3749 0 1 0 1 1 0 1 0 1 1 1 0 1 0 0 1 0 0 1 1 0 1 
22428 22 4985 0 1 1 1 1 1 1 1 1 1 1 0 1 1 1 0 0 1 1 1 0 1 
22429 22 6020 1 1 1 1 1 1 1 1 1 1 1 1 1 1 1 1 1 1 1 1 1 1 
22430 22 5731 1 1 1 0 1 1 1 0 1 1 1 1 1 1 1 1 1 1 1 1 1 1 
22431 22 5367 1 1 1 1 1 0 1 1 1 1 1 0 1 1 1 1 1 1 1 0 1 1 
22432 22 6222 1 1 1 1 1 1 1 1 0 1 1 1 1 1 1 1 1 1 1 1 1 1 
22433 22 3384 0 1 0 0 0 0 0 0 0 1 0 0 1 1 1 0 1 1 1 1 0 1 
22434 22 5410 1 1 1 1 1 1 1 1 1 0 1 1 1 1 1 0 1 1 1 1 1 1 
22435 22 3420 1 0 0 1 0 1 0 0 1 0 1 1 1 0 1 1 0 0 1 0 1 1 
22436 22 4230 1 0 1 0 1 1 0 0 1 1 1 1 1 0 1 0 0 1 0 0 1 1 
22437 22 4883 1 1 1 1 0 1 1 1 1 1 1 1 0 0 0 0 1 1 0 1 1 1 
22438 22 3355 1 1 1 0 0 1 1 1 0 1 0 1 1 0 1 0 1 0 1 0 0 0 
22439 22 4412 0 1 1 1 1 1 1 1 1 0 1 1 0 1 0 1 1 1 1 1 0 0 
22440 22 2701 0 0 1 0 1 1 0 1 0 0 0 0 0 1 0 1 0 0 1 0 0 0 
22441 22 3818 0 1 1 0 1 1 1 1 0 1 1 0 0 0 1 0 0 1 0 1 0 0 
22442 22 4884 0 0 0 1 1 1 0 1 1 1 1 1 1 1 1 1 0 1 1 1 0 1 
22443 22 1320 0 0 0 0 1 0 0 0 1 0 0 0 0 0 0 0 0 0 1 0 0 1 
22444 22 5846 1 1 1 1 1 1 1 1 1 1 1 1 1 1 1 1 1 1 1 1 1 1 
22445 22 5592 1 1 1 1 1 1 1 1 0 1 0 1 1 1 1 1 0 0 1 1 0 0 
22446 22 1311 0 1 0 0 1 0 0 0 0 1 0 1 0 1 0 0 0 0 0 0 0 0 
22447 22 3503 1 1 0 1 1 0 1 1 1 1 1 0 0 0 1 1 0 1 1 0 0 0 
22448 22 5386 1 1 1 0 1 0 1 1 1 1 1 1 1 1 1 1 1 1 1 1 1 1 
22449 22 2688 0 0 0 0 0 0 0 0 0 1 0 1 0 0 1 0 0 1 0 1 0 1 
22450 22 5826 1 1 1 1 1 1 1 1 1 1 1 1 1 1 1 1 1 1 0 1 1 1 
22451 22 4028 1 1 0 1 1 1 1 0 0 1 0 0 0 0 1 1 1 1 0 1 0 0 
22452 22 5926 1 1 1 1 0 1 1 1 0 1 1 1 1 1 1 0 1 0 1 1 0 1 
22453 22 4560 1 1 1 1 1 1 1 0 1 1 0 1 0 0 1 1 1 1 0 1 1 0 
22454 22 6382 1 0 1 1 1 0 1 1 1 1 1 1 1 1 1 1 1 1 1 1 1 1 
22455 22 3011 0 0 1 1 0 0 0 0 1 0 1 1 1 0 0 1 0 0 0 1 0 0 
22456 22 2693 1 0 1 0 1 1 0 1 0 0 1 1 0 1 0 0 0 0 1 0 0 1 
22457 22 4988 1 1 1 1 1 1 1 1 1 0 1 1 1 1 1 1 1 0 1 1 1 1 
22458 22 5796 1 1 1 1 1 1 0 0 1 1 1 1 0 0 0 1 1 1 1 1 1 1 
22459 22 3860 1 1 0 0 0 0 0 0 0 1 1 1 1 0 1 1 1 1 0 1 1 0 
22460 22 4794 1 1 0 1 1 0 1 0 1 0 1 0 1 1 1 1 1 1 1 1 1 1 
22461 22 3991 0 1 1 0 1 0 1 1 1 1 0 1 0 1 0 1 1 1 1 0 1 1 
22462 22 2780 0 0 0 0 0 0 1 0 0 1 0 0 0 0 1 1 1 1 1 0 0 1 
22463 22 2760 0 0 0 0 0 1 1 0 1 0 1 1 0 0 0 0 0 0 1 1 1 0 
22464 22 5405 1 1 1 1 1 1 1 1 1 1 1 1 0 1 1 1 1 1 1 1 1 1 
22465 22 4607 1 1 1 1 1 0 1 1 1 0 1 0 1 1 1 1 0 1 1 1 1 1 
22466 22 5553 1 1 1 1 1 1 1 0 1 0 1 1 1 1 1 1 1 1 1 0 1 1 
22467 22 4132 0 0 1 1 0 0 1 1 0 0 1 1 1 0 1 1 1 1 0 1 1 1 
22468 22 4828 1 1 1 1 1 1 1 1 1 1 1 1 1 1 1 1 1 1 1 1 1 1 
22469 22 4395 0 1 0 1 0 1 0 1 1 0 1 1 1 1 1 0 0 1 0 0 1 0 
22470 22 5379 1 1 1 1 1 1 1 1 1 1 1 1 1 1 1 1 1 1 1 1 1 1 
22471 22 3829 1 1 1 0 0 0 1 1 0 1 1 1 1 1 1 1 0 1 1 1 0 0 
22472 22 2023 1 0 0 1 0 0 0 0 0 0 0 1 0 1 0 0 1 1 0 0 1 0 
22473 22 2428 0 1 1 0 0 1 1 0 1 0 0 0 0 1 0 0 0 1 0 1 0 1 
22474 22 5551 0 1 1 1 1 1 1 1 1 0 1 1 0 1 1 1 1 1 1 0 1 1 
22475 22 2516 0 0 0 1 1 1 0 0 1 0 1 0 0 0 0 0 1 1 1 0 0 0 
22476 22 4628 0 1 1 1 1 1 0 1 0 0 1 1 1 1 0 1 1 1 1 1 1 0 
22477 22 3038 0 0 1 0 0 1 0 0 1 0 1 1 1 0 0 0 1 0 1 0 0 0 
22478 22 2978 0 1 1 0 0 1 1 0 0 0 1 1 0 0 1 0 1 0 0 0 0 0 
22479 22 3808 1 0 0 0 0 0 0 1 1 1 1 0 1 1 1 1 1 0 1 0 0 1 
22480 22 5502 1 1 1 1 1 1 1 1 1 1 1 1 1 1 1 1 1 1 1 1 1 1 
22481 22 3188 0 1 1 1 1 0 0 0 0 0 0 0 0 1 1 1 1 1 0 0 0 1 
22482 22 4951 1 1 1 1 1 1 0 1 0 0 0 1 0 1 1 1 1 1 1 0 1 0 
22483 22 4051 1 0 1 0 0 0 1 0 1 0 0 1 1 1 0 0 1 1 1 1 0 0 
22484 22 1089 0 0 0 1 0 0 0 0 0 0 0 0 0 0 1 0 0 0 0 0 0 1 
22485 22 5327 1 1 1 1 1 1 1 1 1 1 1 1 1 0 1 1 0 1 1 0 0 0 
22486 22 5550 1 1 1 1 1 1 0 1 1 1 1 1 0 1 1 1 0 1 1 1 0 1 
22487 22 3095 1 1 0 1 0 1 0 0 0 0 0 1 0 1 0 0 1 0 1 0 0 0 
22488 22 2966 0 1 0 0 1 0 0 1 1 0 0 0 0 1 0 0 0 0 1 1 0 1 
22489 22 3154 0 0 0 0 1 0 0 1 0 0 1 0 0 0 1 1 0 0 1 1 1 1 
22490 22 4002 1 1 0 1 0 0 0 0 1 1 0 0 1 0 1 0 1 1 1 1 0 0 
22491 22 1751 0 0 0 1 1 0 0 0 0 0 0 0 1 0 0 1 1 0 0 1 0 0 
22492 22 2189 0 0 0 0 0 1 1 0 0 0 0 1 0 1 0 0 0 0 0 1 0 0 
22493 22 4009 0 0 0 0 1 0 1 1 1 0 0 1 1 1 0 0 0 1 1 0 1 0 
22494 22 2531 1 0 1 0 0 0 0 0 1 0 0 0 0 1 0 1 1 1 0 0 0 0 
22495 22 6134 1 1 1 1 1 1 1 1 1 1 1 1 1 1 1 1 1 0 1 1 1 1 
22496 22 4901 1 1 1 1 1 1 1 1 1 0 1 1 1 1 1 1 1 1 1 1 1 1 
22497 22 3253 1 1 0 1 1 0 0 0 0 0 1 1 0 1 0 1 0 0 0 1 1 0 
22498 22 4763 1 1 1 1 1 1 1 1 1 1 1 1 1 1 1 1 1 1 1 1 1 1 
22499 22 4073 1 1 1 1 1 1 0 0 1 1 1 1 1 0 1 1 1 1 1 1 1 1 
22500 22 5973 1 1 1 0 0 1 1 0 1 1 1 1 0 1 1 1 1 1 1 1 1 1 
